grid_x = 100
grid_y = 100
origin_x = 0.0
origin_y - 0.0
step_x = 2
step_y = 2
0.0
0.0
0.0
0.0
0.0
0.0
0.0
0.0
0.0
0.0
0.0
0.0
0.0
0.0
0.0
0.0
0.0
0.0
0.0
0.0
0.0
0.0
0.0
0.0
0.0
0.0
0.0
0.0
0.0
0.0
0.0
0.0
0.0
0.0
0.0
0.0
0.0
0.0
0.0
0.0
0.0
0.0
0.0
0.0
0.0
0.0
0.0
0.0
0.0
0.0
0.0
0.2341887229877729
0.46833325098318207
0.7023249328791797
0.9359218854422522
1.168671538302739
1.3998202166721032
1.6282058088351283
1.8521305329359352
2.0692129770060292
2.2762227357761873
2.4689081051912662
2.6418383908907304
2.7882977975896215
2.900286219931032
2.9686988308831688
2.9837616272764693
2.935780182049906
2.81620081384004
2.618886757434974
2.3414021883373923
1.9860267758455379
1.5602465127524128
1.0765920125104813
0.5518649415656103
0.005917549458927099
-0.5398208756972999
-1.0639202033129906
-1.5465262624395777
-1.970836004276381
-2.3243200579208794
-2.599498133335018
-2.794101672407626
-2.910582771729739
-2.9550983077308537
-2.9362239664251746
-2.8636760540841624
-2.747248676130202
-2.596063933569739
-2.4181359671078946
-2.2201915217734367
-2.0076697540864714
-1.7848292807870867
-1.554907084613268
-1.320292295991416
-1.0826933295445507
-0.8432879964909766
-0.6028533972291916
-0.361876595741643
-0.12064928908566022
0.0
0.46841367875935763
0.9368028778058801
1.4050185308853496
1.872653786201382
2.3388934164276787
2.8023370129825755
3.260787451605486
3.7109974972143664
4.148370933464036
4.566621878411636
4.957409182249968
5.309984497384445
5.6109245937147
5.844059709695205
5.990752426756094
6.030706559047338
5.9434601908453
5.71060329275836
5.318542069043976
4.761356740074555
4.043098931151123
3.17890823537935
2.194641772043532
1.1251488218349621
0.011626264784337148
-1.1014792795095816
-2.1697188745994227
-3.151890108968679
-4.013138757333314
-4.7276082664617185
-5.280169460239954
-5.6667932003736725
-5.893433192889665
-5.973725474216568
-5.926126158688634
-5.771142600879122
-5.529112246481095
-5.2187074615894735
-4.856125909963489
-4.454812109810717
-4.025530386958939
-3.5766345006678173
-3.1144220161130463
-2.6435028235201647
-2.1671432870065392
-1.6875692922824201
-1.206224785538032
-0.7239897646013629
-0.24136530414115284
0.0
0.702647725091674
1.4054141855507118
2.10824201300332
2.810708866546764
3.5118125872986665
4.209716643225466
4.9014417831909505
5.582490554589674
6.24639459953658
6.884182818378764
7.483785207108159
8.029417371937875
8.501039847551601
8.874057543889387
9.119512252410233
9.205099416847188
9.097350923671797
8.765178331001348
8.184587358925652
7.343794337441391
6.247465754838211
4.918784224696094
3.3987181232721233
1.7428704606728394
0.01691831057222587
-1.7084112819332289
-3.362386003005137
-4.879315672863525
-6.203583627493268
-7.294216836559173
-8.128045502790096
-8.700437681174675
-9.023231902416269
-9.120491461267857
-9.0233795805099
-8.765436958764877
-8.379032699988382
-7.893178334705173
-7.33251025310702
-6.717098212874946
-6.0627481442611835
-5.381545911863407
-4.682476496886142
-3.972024442736168
-3.254710681676916
-2.533551187534422
-1.8104397410344597
-1.0864653993922557
-0.36217867298186024
0.0
0.9367412935821872
1.8739190336307299
2.8117547877107163
3.750023849104316
4.687789906235569
5.623086943368671
6.5525277299251865
7.470816930208098
8.370147523270042
9.239464679909533
10.063596429139
10.82228337475849
11.489202048200005
12.031181888586758
12.407972309846683
12.573105862670664
12.4765450629763
12.069711851943547
11.312926969857667
10.184128693463265
8.686448444112976
6.851895947173832
4.739841145093417
2.4313270261649405
0.021588543282550388
-2.387327455345258
-4.6933630985307095
-6.8012551646673565
-8.629928318068778
-10.119993852933526
-11.23945280890243
-11.985221901923572
-12.379445156882927
-12.461906360362939
-12.281295224286303
-11.887754865859781
-11.327843718176556
-10.641884782524585
-9.863102230465355
-9.017856524152197
-8.12643104875309
-7.204013187058211
-6.261669580745501
-5.307220989360397
-4.345984676729287
-3.381385337252958
-2.415450904266136
-1.449215197595504
-0.4830502149983071
0.0
1.1703719052704733
2.34171077119209
3.5147463528556884
4.689714556288904
5.866060429408068
7.042077208438848
8.214453839076542
9.377698556042683
10.523401446897147
11.639296866856442
12.708092303102285
13.706054150619064
14.601401849624
15.352691033711636
15.907604862977315
16.202948828902567
16.167100618824524
15.72641611308654
14.816494083092522
13.397043155000784
11.465792408396696
9.065245579052283
6.279191928230287
3.2218475908418
0.02543779887324571
-3.1699612225355085
-6.224251521620158
-9.005150784257358
-11.398373360936484
-13.320080309578517
-14.727768359222736
-15.623773699156253
-16.04851014997048
-16.06653475130725
-15.751653608514836
-15.175636348791377
-14.401798676185575
-13.482549011001069
-12.459395327852699
-11.364158194110335
-10.220593197601815
-9.046002837391164
-7.852657000797362
-6.648970671828192
-5.440448707058518
-4.2304315278186
-3.020681451013269
-1.8118474875020787
-0.6038419929969647
0.0
1.4030063201634515
2.8077448826395353
4.215707706820897
5.6278853887824996
7.044461855211109
8.46443802014274
9.885150756407032
11.301644303186883
12.705839003620268
14.085427791680953
15.422417234525385
16.691226243650743
17.856284095497784
18.869178901137342
19.665691438570757
20.16365051350995
20.26358259106368
19.855380952713396
18.834463188622525
17.127532735194805
14.719716491353534
11.66792306749575
8.092038788350521
4.152372524896242
0.02827918768675891
-4.094637847209795
-8.030734531999899
-11.600546495445949
-14.64362446066686
-17.039969301394425
-18.73264696590656
-19.736621468708503
-20.12537756548672
-20.003733215909392
-19.482028636755444
-18.65993757294718
-17.61978574507343
-16.425901171779877
-15.126764789296832
-13.757984677857756
-12.345155849668165
-10.906270059517592
-9.453624511552903
-7.99528813254728
-6.536212754932219
-5.07907295907624
-3.624904819656564
-2.1735994765231688
-0.7242954397405232
0.0
1.633878921991685
3.2704929635638913
4.912354790994199
6.561511587583098
8.219258345509534
9.885779371425858
11.55968120848273
13.237366663727807
14.912179323873591
16.573218356334905
18.203682247787732
19.77854822355627
21.261343863983917
22.59976551761976
23.7200770448416
24.520895428232954
24.868716512956876
24.60092678691242
23.545980536877877
21.56828247227903
18.625721463883117
14.799699825755471
10.27088918278514
5.267992305026603
0.02994961524084727
-5.206793463256676
-10.205719447564835
-14.727687864278291
-18.543723680604714
-21.47291507823954
-23.433776782016523
-24.46855817212799
-24.713162847839605
-24.339503421843787
-23.51052954289901
-22.360009941572866
-20.98951472316959
-19.472899577132097
-17.862534362665183
-16.194917879760453
-14.495070943791546
-12.779774349276817
-11.05989770483598
-9.342063291428932
-7.629838856284627
-5.924601342148657
-4.226172451342137
-2.5332974691671017
-0.8440186597897671
0.0
1.8619890663836616
3.7279360065831364
5.601614355247373
7.486411125642683
9.385086342389481
11.29946859663674
13.230051390661716
15.175439243162028
17.131566705563806
19.090571328037115
21.03913309575646
22.955982857584303
24.808112800769308
26.544988317175438
28.08983640485114
29.327232756874302
30.087912536481483
30.137827062131496
29.1923844969726
26.990383413828937
23.428036459704554
18.63995943942289
12.924663412356852
6.618200021347709
0.030329733963096794
-6.556191562566221
-12.85848952070364
-18.56645902768453
-23.34353720834284
-26.890708488944988
-29.073143757021334
-29.9948760712031
-29.917658577248655
-29.126673431887102
-27.856446567201285
-26.276575161744994
-24.502691807043327
-22.611685052037856
-20.65413922361673
-18.663066080795357
-16.659707430739267
-14.657335359557843
-12.663752216193393
-10.68295840044031
-8.716286271387066
-6.763188353198373
-4.82179946158101
-2.889350318959686
-0.9624845538637976
0.0
2.0861187384477815
4.177600205052297
6.279678516580251
8.397317827469518
10.535043327721368
12.696725318448518
14.885288793105412
17.102306493990266
19.347408172085096
21.617394083923017
23.904860059340187
26.19599293248576
28.46691800454861
30.677464052601664
32.76028629049366
34.601847958544475
36.0105829299764
36.671703314166606
36.11569530965491
33.80601569801846
29.477221569182426
23.41078725072628
16.16528856404877
8.24604351438376
0.0293758342824193
-8.186012837039765
-16.101248781756198
-23.33946893668428
-29.39443545331874
-33.70648749195188
-35.99360156598833
-36.52176472615926
-35.82861471943662
-34.38462733239214
-32.505230993705666
-30.38236598264313
-28.129765629311684
-25.81485917752061
-23.47783122728282
-21.142523742337175
-18.822686640492204
-16.525640677234428
-14.254489497037422
-12.009500594839295
-9.788997288724682
-7.589955008454178
-5.408414403931616
-3.2397790846944243
-1.079040645476831
0.0
2.304869987925338
4.61663455703288
6.942127977351763
9.288058186392313
11.660928106797988
14.066935071645315
16.511834384390465
19.00074428183582
21.53785312682406
24.125958051528148
26.765701566042907
29.454243562559096
32.182829309614895
34.932094234991816
37.66250218680961
40.29386995210994
42.65996724577442
44.409434320511565
44.825040331275765
42.72430951557284
37.297133377224924
29.349064813080844
20.061856039392886
10.161386572351361
0.027164034348093447
-10.106017983320514
-20.003169089386024
-29.284087506777933
-37.22139890647212
-42.630918239382595
-44.70543883288164
-44.25666642228995
-42.46946389153679
-40.062536538698545
-37.3879674595269
-34.61230877825956
-31.81586357012414
-29.03818148753062
-26.29858000622417
-23.605729341534527
-20.96236039043299
-18.367704429864453
-15.818826309407626
-13.31139181486029
-10.840132469518217
-8.399141690610419
-5.9820733955301115
-3.5822825098557147
-1.1929304039051316
0.0
2.5167194073564607
5.041924807297276
7.584115846763751
10.151821800068346
12.753622207052377
15.39817514049636
18.094256570803175
20.850814632110705
23.677041908552575
26.582465046823778
29.577038562910815
32.67119387768045
35.8756938373267
39.200852702520805
42.6537973682854
46.22952374437178
49.880858575294944
53.41023371872675
56.06293297200664
55.28384792239662
47.65060305916082
36.55679656882626
24.528846893331618
12.293544250840203
0.02393482381010581
-12.245056829004756
-24.47838563166053
-36.50248435128984
-47.58885072491334
-55.2057747478019
-55.95281200598241
-53.25906578228836
-49.68482128359353
-45.98640112289847
-42.361808573227286
-38.85829642429024
-35.48082309066355
-32.222161630823535
-29.07186843003833
-26.019032244848155
-23.05305908358394
-20.163820371952887
-17.341605636627307
-14.57702995218096
-11.860945333183668
-9.184369291718887
-6.538431272335973
-3.914333813346974
-1.3033245489864944
0.0
2.7200847230366407
5.450233423193005
8.200595495366578
10.981501272462758
13.803579076762711
16.677908842186497
19.616233369478252
22.63125843143748
25.737089890834213
28.949884836342182
32.2888444791318
35.77776968430513
39.44757996229269
43.34056617224111
47.5179610398193
52.074349476439586
57.16733209682828
63.0810150247727
70.28468836653303
77.04035269096852
61.01671589006804
44.49204741919179
29.147159949726266
14.446065693805588
0.0201010445301526
-14.405773007239157
-29.106678203162144
-44.451574493082454
-60.976968878577814
-76.99792422855668
-70.19218997952709
-62.934855463913685
-56.967855681624016
-51.821180836869374
-47.21020538219942
-42.976979415362024
-39.0266473082962
-35.297740846258854
-31.74774829006847
-28.345533332214217
-25.067076627396638
-21.892953399159655
-18.806775695372366
-15.794197827587087
-12.842263718255996
-9.938968105218141
-7.07295430186993
-4.233300006231298
-1.409359492665477
0.0
2.913396815563349
5.838351352075332
8.786568689905227
11.770065000355908
14.801366334291819
17.8937670301383
21.061682456604473
24.32114821179839
27.69054765644418
31.191701798364534
34.8515504658613
38.704835168251016
42.79856228423971
47.199828850597186
52.010511636099
57.39744573197639
63.66249144535075
71.43382437571043
82.27783449494217
100.0
72.20673859139595
51.218389578049916
33.14892707265345
16.33442269711709
0.01616710569279034
-16.302448320397726
-33.11826883055402
-51.190941502481515
-72.18713820429646
-100.0
-82.20128327466334
-71.29223006062563
-63.459990310084564
-57.135145642668434
-51.688241912461024
-46.81673007208387
-42.3533192160899
-38.19578082928301
-34.27671539019048
-30.548836813924588
-26.977132466813046
-23.534391586077316
-20.198516879745192
-16.95083915654878
-13.775023701291161
-10.656338831743723
-7.581152066493107
-4.536571425538942
-1.5101789917207509
0.0
3.095169600256933
6.203245248237042
9.33732632729529
12.510919051536485
15.738193021222232
19.03431056658004
22.415870330205536
25.901526334026503
29.512876933988462
33.27577456523326
37.22230617948958
41.39387372214966
45.84614140493655
50.65727341735493
55.94219243239842
61.87811666028913
68.75044804110955
77.0246158112847
87.36469848148195
100.0
76.56284294797535
55.33446920047061
35.99090374331654
17.754711324138107
0.012566260806536
-17.7301758870984
-35.96836508975913
-55.31600229166297
-76.55169734871868
-100.0
-87.2926457482433
-76.88404086166874
-68.54399767364386
-61.60691955101811
-55.60629400200386
-50.255989456963896
-45.37826018254317
-40.857765484945276
-36.61598180688622
-32.596915785343846
-28.75884975775246
-25.069383831318678
-21.5023479573498
-18.035815608988226
-14.650788676978511
-11.3303029119277
-8.058802313950554
-4.8216873089209
-1.604974525965495
0.0
3.2640604501156085
6.54218434510233
9.848654747268728
13.198214986722313
16.606353927079063
20.089665762169602
23.66632479497716
27.356732754893503
31.18442331447421
35.17735128480657
39.36976150824673
43.804937604345035
48.53928640966474
53.64840867955529
59.235894490911
65.44484542412552
72.46770823236909
80.53244145828697
89.79262471411263
100.0
78.34544794901093
57.54643256245971
37.75249016770252
18.69605716176897
0.009537901630611856
-18.677618539285294
-37.73606891938604
-57.53369013497035
-78.33830064766082
-100.0
-89.72090593614398
-80.3902277183915
-72.25624483268842
-65.16474931555538
-58.88707538376441
-53.23016388271216
-48.05040328505735
-43.243767642589006
-38.734267108975686
-34.465132382861555
-30.39272984858181
-26.482466969047138
-22.706035750514566
-19.039537274752856
-15.462186272417068
-11.955399990215142
-8.502143162920898
-5.086443631154967
-1.693020053694846
0.0
3.4189152488717682
6.852834237302634
10.316986019457786
13.827069437021162
17.399537774297738
21.051949349972976
24.803417152581233
28.675201659252888
32.69150645842726
36.88055653951298
41.2760620339966
45.919185771231525
50.861107682440974
56.16611346989248
61.91455614106903
68.2033624674147
75.1375603513156
82.7980825239316
91.16428967132512
100.0
79.1625812167774
58.70471567610538
38.767867853993934
19.268385119727355
0.007133159114186771
-19.25468707086823
-38.755905892323156
-58.69571084619459
-79.15769322314185
-100.0
-91.09149248722278
-82.65291025600158
-74.92046368012626
-67.9144713435324
-61.553531830971735
-55.732129207275264
-50.352876373662994
-45.33499435130903
-40.613798562889286
-36.1377271942093
-31.865243108329686
-27.76226137250317
-23.800174714497935
-19.954383367407253
-16.2032103900699
-12.527099112012088
-8.908012221176346
-5.328972142410044
-1.7736976441779062
0.0
3.558794450250669
7.133309908332403
10.739479606722947
14.39367640736644
18.112971501545545
21.915443140982813
25.820557551744873
29.84964825893503
34.0265233906473
38.37822967146206
42.93598841992039
47.736273733214844
52.821883755463574
58.242573904940826
64.05420987160042
70.31421759742312
77.06928837600248
84.33004003249059
92.03175887920895
100.0
79.56487435939894
59.31278146889344
39.33230892163794
19.59814348864974
0.005292216509217518
-19.588022410973416
-39.32357259788794
-59.306311977711154
-79.56141698597438
-100.0
-91.95740231609163
-84.18141315862572
-76.8464114939206
-70.01686879663878
-63.681810780282845
-57.794141285024445
-52.29602021710696
-47.13117432218374
-42.24945000159729
-37.60765728377926
-33.16893148010555
-28.9016562868526
-24.77837994192032
-20.774873525586212
-16.8693609801503
-13.041905168498719
-9.273920794647712
-5.547784031370864
-1.8465118773148717
0.0
3.682979217116091
7.382186288314031
11.114033284988913
14.895310702766247
18.743401662239666
22.676526716057595
26.714029751139442
30.876713795028085
35.18722987851294
39.67050778774709
44.354185553756906
49.26892827277133
54.44839780803633
59.92840070087001
65.7443604703919
71.925764008654
78.48594181778797
85.406485581484
92.61966788994715
100.0
79.77079298664499
59.634137916057625
39.64045016830529
19.782135247889265
0.003914935194786029
-19.774666157421898
-39.63404539928999
-59.62943672599673
-79.76830017988004
-100.0
-92.54364402484335
-85.25436029451383
-78.25749226475588
-71.62053004760367
-65.36156865920779
-59.466917665761066
-53.90670771553793
-48.64512423589928
-43.64596667539563
-38.87517669672496
-34.301688010897834
-29.897453071341367
-25.637119970074508
-21.497598212342616
-17.457622748462644
-13.497359232678196
-9.598061381746271
-5.741776883554789
-1.911092533714004
0.0
3.790959287483962
7.5984702238264665
11.439230832337614
15.330236362198264
19.288938385519725
23.33341500793135
27.482552487163936
31.75623335045838
36.175515889576204
40.762770728228816
45.54170560776298
50.53715025422696
55.77437801251889
61.27760393864727
67.06714155283824
73.15462215303735
79.53594175471193
86.18265574919994
93.0347278453021
100.0
79.87839048769757
59.804834042840405
39.807088388092296
19.88286319736535
0.0029005225631832943
-19.87733700066302
-39.802367033687375
-59.80138494885114
-79.87656898967163
-100.0
-92.95710493010193
-86.02724259623938
-79.30236979316263
-72.84227046331404
-66.67508736343169
-60.804584908209584
-55.2187674200266
-49.896941621010185
-44.81450242454832
-39.94577779069214
-35.26552988349023
-30.749631225348967
-26.375276717615755
-22.12095512479314
-17.96630824916535
-13.891946611097223
-9.879255812218634
-5.910208507016062
-1.9671866397636955
0.0
3.8824062257526797
7.7815420069850685
11.71424102156658
15.697544542042301
19.74880245350085
23.885768252884937
28.126680692261374
32.490318245251245
36.99600166872529
41.66350218812335
46.51278518098843
51.563478824449945
56.83390428742172
62.33944916689664
68.09004349652645
74.08658581233101
80.31649491449349
86.74925406547791
93.33377514029652
100.0
79.93520662682303
59.895745513230665
39.89670120419902
19.93736738625544
0.002163366288194357
-19.933248780389487
-39.89318954101003
-59.89318670917557
-79.93385818066581
-100.0
-93.2547159509799
-86.59091479614904
-80.07841491187622
-73.76803414332136
-67.689985839715
-61.8565185361313
-56.26637789740416
-50.90926044990264
-45.769391088321726
-40.82804859252523
-36.065192039668304
-31.46042924230832
-26.99354588760907
-22.644759047609234
-18.394805737796545
-14.224936715058536
-10.116858004479871
-6.0526448788985725
-2.0146421121875515
0.0
3.957136926836115
7.931077044558034
11.938686078499774
15.99694987501568
20.123020753004262
24.334244293209167
28.648154286356302
33.08241743397124
37.65470021058075
42.38241715897785
47.28230230435711
52.36972439606442
57.657647330674244
63.1551324787815
68.86531617128009
74.7829151220914
80.89155910782421
87.16162222355635
93.54958668185088
100.0
79.96532709288552
59.94415720015458
39.944660307345146
19.96660591210293
0.0016365094934083224
-19.96349163373607
-39.94200789491283
-59.942227170283815
-79.96431115651951
-100.0
-93.46930962466178
-87.00081341048553
-80.64969754681238
-74.45919379851621
-68.45861876047815
-62.66401038206378
-57.080299091195755
-51.70397785925191
-46.5255988583895
-41.53179699743133
-36.70678756352108
-32.03340489295756
-27.493785567007
-23.06979497649492
-18.74327671031027
-14.496183222552508
-10.310628644709913
-6.168891496776812
-2.053385924657973
0.0
4.015072626448048
8.046958860843468
12.11249819688232
16.228573674875218
20.412111753232658
24.680052891195295
29.049277827644588
33.536469609079134
38.15788490330718
42.92900023775035
47.86399051596506
52.97499112755765
58.271096752511795
63.75706957485933
69.43178193290427
75.28651954691472
81.30342613439434
87.45454740901833
93.70203950391758
100.0
79.98123908547106
59.96978971187688
39.97011242442212
19.982122025933183
0.001270198539272016
-19.97970538518823
-39.96805541303771
-59.96829403870675
-79.98045226514702
-100.0
-93.62079777151672
-87.29178738922607
-81.0585868460942
-74.95874168545208
-69.01989039254906
-63.259554769958726
-57.68609631068025
-52.30027259800233
-47.09693502543925
-42.0665866325135
-37.196673783654
-32.47258669622287
-27.87839622024716
-23.397373923133415
-19.012344337132205
-14.705912209989558
-10.460599351317535
-6.2589178338699325
-2.0833998942558107
0.0
4.056198379477974
8.12919380432064
12.235780772757018
16.392738217885743
20.616794296676996
24.924555596214063
29.332384487738764
33.8562047612571
38.511211679008085
43.31145903893062
48.269294385539816
53.394617030568924
58.6939465696479
64.16931819909497
69.81707162602684
75.62667514485469
81.57981645908266
87.65006717767115
93.80343519259519
100.0
79.98946361056623
59.98305219394226
39.983292265086305
19.990144380162562
0.0010291144576832778
-19.988186653436337
-39.98162639982532
-59.981841400819995
-79.98882685809143
-100.0
-93.72150432816815
-87.48591504264311
-81.33285631495693
-75.29601318499631
-69.40149284567934
-63.66727041631418
-58.103523784273115
-52.713542789645096
-47.49490534942169
-42.44068861595709
-37.54057343331209
-32.781775267994526
-28.149785373611273
-23.628934631190774
-19.202805581515914
-14.85452174293233
-10.566941921371622
-6.322783765898112
-2.1046969609029516
0.0
4.080527230496306
8.177836114793076
12.308687798716324
16.48979064767613
20.73774328544985
25.068938592869404
29.499411947897215
34.04461437229516
38.71908897612457
43.536028304879764
48.506692742144
53.63967869458317
58.94004330128436
64.4083232691179
70.03953071039835
75.82226507831535
81.73813492017362
87.76171222571122
93.86121432080485
100.0
79.99335277124234
59.98932587402482
39.98952666178147
19.993930402590372
8.897541281154275E-4
-19.992237885117312
-39.98808668741439
-59.98827946189949
-79.99280255061785
-100.0
-93.77888397464011
-87.59675323716245
-81.48994572590446
-75.48993170200782
-69.62181438322025
-63.90364594396499
-58.3464720163448
-52.95490942134007
-47.72803401453973
-42.660384658564155
-37.74294406646921
-32.964013587513406
-28.309944373344354
-23.76571829801678
-19.31539008768047
-14.942410759761913
-10.629855104405802
-6.360575266024525
-2.117300358804047
0.0
4.088072346163537
8.192929923430993
12.33133127028988
16.519969349947054
20.775407165519358
25.11397322658832
29.55160004532453
34.103586578923334
38.78426386344242
43.60654323222932
48.58133036122854
53.716798506797694
59.01753368378678
64.48359565577955
70.10958159948818
75.88382912765431
81.78793899195614
87.79681377580687
93.87937270836979
100.0
79.99448840108359
59.99115739247982
39.99134502840221
19.99503018232808
8.384534626335594E-4
-19.993435278800654
-39.989988165864304
-59.99017143343569
-79.99396999185146
-100.0
-93.7969405458108
-87.63164822740016
-81.53943294916695
-75.55106097199358
-69.69130341065062
-63.97821924497323
-58.42311532515659
-53.03102298077435
-47.80149463160427
-42.7295398347201
-37.80656392872511
-33.02122235651923
-28.36014682800279
-23.808530686593798
-19.350580297776204
-14.969849477115016
-10.649477915143393
-6.372354822149584
-2.1212275000714844
0.0
4.078829381596896
8.174472671672724
12.30372310710157
16.483320799637728
20.729895561016104
25.059870636126018
29.489310604521418
34.03369409066138
38.707589645035014
43.524212367959635
48.494841394691406
53.62808694025162
58.92901363739307
64.39815780357281
70.03052162119403
75.81468353984812
81.73221895274958
87.75765434344306
93.85915025577276
100.0
79.99333269055694
59.98929167358142
39.98948814119058
19.993897767917105
8.701671375548337E-4
-19.99224251117169
-39.98807987173591
-59.98826830455697
-79.99279458787167
-100.0
-93.77691690956172
-87.5928881422262
-81.48431598196939
-75.48272646109885
-69.61326744573807
-63.89402355411932
-58.33606082976924
-52.944005506772456
-47.71693334281678
-42.64937520741387
-37.732299460432316
-32.953988085799025
-28.300768984048283
-23.757597804759676
-19.30850080202599
-14.93689884609367
-10.625835356342316
-6.358130242262419
-2.116479811130016
0.0
4.052770403350935
8.122402523738092
12.225755219914877
16.379671129098703
20.60094104710609
24.906232624659413
29.311967069013612
33.834123934810975
38.4879500841168
43.28754533830747
48.24529588397943
53.371130024709466
58.67158392478879
64.14869368546759
69.79878072913687
75.61127247372512
81.56779056921518
87.64181456621071
93.79923620369783
100.0
79.98941720938103
59.98297354287698
39.98320456549405
19.990071660721554
9.880039582466082E-4
-19.988192142646497
-39.98160525487789
-59.98181112829023
-79.98880590113406
-100.0
-93.7175005614204
-87.47805037493504
-81.32140625636676
-75.2813673514317
-69.38413120218686
-63.64773759169489
-58.082404143482464
-52.69143799552849
-47.472415227364976
-42.41839545720756
-37.51902947099619
-32.76149287950766
-28.131229525308548
-23.6125171189447
-19.188880688688723
-14.84338301056424
-10.55881979260737
-6.31784392451219
-2.1030392327521867
0.0
4.009849806150492
8.036610617516569
12.097218897873205
16.20865375390879
20.387936238671735
24.652099221065864
29.01811274695845
33.502744874317514
38.12233143222652
42.892420235947895
47.827246984677586
52.93899401973279
58.23678492668142
63.72538766478745
69.40365142179614
75.26280387452601
81.28489074432046
87.44181730963136
93.6955588898603
100.0
79.98115154155866
59.96964232895527
39.96995043876727
19.98199191080659
0.001203503775730308
-19.97970216147798
-39.9680014356184
-59.968225189625485
-79.98040603507823
-100.0
-93.61461312420934
-87.27964526384932
-81.0409238248538
-74.93617202926097
-68.99316625788221
-63.229524313514105
-57.65366414292025
-52.2663651241097
-47.06247158573686
-42.03245629823661
-37.163717132959306
-32.44158172421797
-27.85004756405014
-23.37230469523751
-18.99108999324813
-14.688916001285586
-10.448209015862119
-6.251383268140621
-2.080871616553195
0.0
3.950021802170701
7.916977341674111
11.917862392487521
15.969791791379986
20.09004511373002
24.29609260505378
28.60558901622345
33.036316848513565
37.606051306479884
42.33230608634213
47.23190149854145
52.32027540041597
57.61043803386874
63.11146727484497
68.82647753839473
74.75011559983007
80.86588404203283
87.14396629560845
93.5405909850408
100.0
79.9651693611286
59.9438937076516
39.944375444840176
19.96638552836704
0.0015376552474104521
-19.963459358730237
-39.94188321897289
-59.94208021542585
-79.96421475874553
-100.0
-93.46071463889243
-86.9839531704609
-80.62520221908179
-74.42794283860866
-68.42167897572834
-62.622573315472685
-57.03562436269118
-51.65734545011686
-46.478270738827064
-41.4849871346108
-36.66163886771031
-31.990971664001304
-27.455020208504518
-23.0355379943381
-18.714249237962473
-14.472981498119818
-10.293720006634516
-6.158611575162081
-2.049936793650249
0.0
3.8732681754130462
7.763430095274404
11.687483115557253
15.662631091204988
19.706384674571616
23.83665538475461
28.071836029382943
32.430853561716916
36.93316952105715
41.5986854141362
46.447482669093574
51.499286283369514
56.772488282137374
62.282512132613576
68.03927695580644
74.04360901778367
80.28277743027212
86.72602450287846
93.32192502690955
100.0
79.93492415306001
59.89527744675077
39.89620365506727
19.936997251941488
0.002022642494438287
-19.933146511269413
-39.892920283829845
-59.892884899451936
-79.9336632824957
-100.0
-93.24337709840363
-86.56869968380106
-80.0461998979379
-73.72702711926641
-67.64163170929177
-61.80240924185895
-56.20817581482727
-50.84863737556435
-45.70798142764037
-40.767414080871525
-36.00679531929518
-31.405614082059884
-26.94352236586632
-22.60059246791284
-18.357408381287556
-14.195061771586788
-10.095095192838501
-6.039417390846372
-2.0102046127484177
0.0
3.7796340429812956
7.5760180720655175
11.406047991740419
15.286915936214786
19.236268675885338
23.272376905776696
27.41431562889869
31.6821506325307
36.097115817407094
40.68174690333181
45.459902388892615
50.4565431951052
55.69704698901705
61.20569584542392
67.0028180916096
73.09998693306457
79.4929409124692
86.15295016332189
93.01954613917562
100.0
79.87788139016524
59.80399758981624
39.80621397872849
19.882236968434867
0.0027042001304842245
-19.877084680018033
-39.80181177452891
-59.80078136755964
-79.87618275310817
-100.0
-92.94255323507221
-85.99878560148645
-79.26121509324966
-72.79005106428784
-66.61371730947774
-60.73613337460647
-55.14536033946743
-49.82068906643708
-44.737446175547575
-39.869853497929896
-35.192539494277725
-30.68122264373126
-26.31292867169697
-22.065965883040203
-17.919787249573254
-13.854808330418443
-9.852215372863778
-5.893778639525611
-1.9616757143799526
0.0
3.6692683656199914
7.354997521261569
11.073832150004087
14.842794616405785
18.679498582741694
22.602392982410297
26.63104676422799
30.786483141444677
35.09156640984606
39.571430039829835
44.25390266509487
49.16982213317379
54.352998351321006
59.839350756111145
65.66436403844823
71.85750807813814
78.43197788992453
85.36905727012753
92.60048523045666
100.0
79.76986559127751
59.63262902217832
39.63889960214103
19.7810636622175
0.00364409842751634
-19.774110924343777
-39.63293678018734
-59.62825145458085
-79.76754404297066
-100.0
-92.52522180414675
-85.2184361145026
-78.20574637645935
-71.55516833852764
-65.28510121653838
-59.381988934654636
-53.81597905171425
-48.551195709230115
-43.551324735392754
-38.78215811242164
-34.21245412784609
-29.813970896804577
-25.561148052178982
-21.430676073695658
-17.4010630535716
-13.452242091676968
-9.565230323136483
-5.721836120354643
-1.9044052274146415
0.0
3.542464993959543
7.100918848375201
10.691562542435591
14.331036365901284
18.03667821984283
21.82683167710265
25.72122588929683
29.741453522419214
33.911576259192564
38.25888654679357
42.814840824134876
47.616134170728444
52.705766623906584
58.13366846860342
63.955838838916776
70.22976790087054
77.00208892746124
84.28314748403237
92.00761606316998
100.0
79.56316205321163
59.3100320753496
39.32953837653857
19.596292426744455
0.004921357703923768
-19.586879671200144
-39.321411313151664
-59.30401169117849
-79.5599437425355
-100.0
-91.93416762135529
-84.13631075050158
-76.78184026933764
-69.93583347642813
-63.58758701467657
-57.690064391939984
-52.18536345145793
-47.017078898366464
-42.13488237641746
-37.495380669160866
-33.061485291959315
-28.801340608646065
-24.687243609843378
-20.69470507686276
-16.801681945281935
-12.987965272352895
-9.234694669389262
-5.52396908199635
-1.8385269940612758
0.0
3.3996992980675236
6.814705203646591
10.26054985009127
13.753235455151374
17.309518843918422
20.947261598111144
24.685878881284097
28.54693106518139
32.55491782000597
36.738354639810396
41.1312347563056
45.77499498154236
50.721078517862125
56.03402146341682
61.79440884356093
68.09936394630158
75.05402576930277
82.73922537415584
91.13374558828419
100.0
79.1593618404172
58.69965475282642
38.762898217292204
19.2651757679939
0.006628760611050666
-19.252444075570544
-38.75177474441794
-58.69127568878565
-79.15481088725643
-100.0
-91.06203148162203
-82.59617450703495
-74.84002028990257
-67.81446099264683
-61.43820177458793
-55.60562246557424
-50.21914508134863
-45.19776203793479
-40.476539446659274
-36.00365114481524
-31.737282988916398
-27.643062170001127
-23.692084543610658
-19.85944643531182
-16.123161843696256
-12.463361533849117
-8.861693443771388
-5.300864021380365
-1.7642754548241864
0.0
3.241655137176715
6.497711382214586
9.782790105690044
13.111974083512763
16.50109298660439
19.967083022373636
23.528461116094554
27.205971191745974
31.023487316980486
35.009301441521444
39.19799120856599
43.63316874765818
48.37156741006828
53.48911845492508
59.08975722400877
65.31695850845487
72.36356784655877
80.45787650497503
89.75332700776127
100.0
78.33922278649175
57.53702069372555
37.74359713387351
18.69052444014459
0.008857621873472166
-18.673395698847404
-37.728329414139615
-57.52515914800981
-78.33256189039378
-100.0
-89.68291413276326
-80.31818650736099
-72.15573251173478
-65.04149248108055
-58.746486234572224
-53.07727082045834
-47.889871429318916
-43.07992231021639
-38.57110498157346
-34.30632260121007
-30.24160961401863
-26.34203518258169
-22.57894683217367
-18.928096225617058
-15.368345319078497
-11.880756713479958
-8.447939781029408
-5.053567020410566
-1.6820021004122847
0.0
3.069237314940429
6.151752478351943
9.261017897519128
12.410915065135978
15.615991802726729
18.891791802532623
22.255297825691528
25.72554979103499
29.3245322764147
33.07848266375378
37.01987049925178
41.190478656946546
45.646355296211595
50.466064297250306
55.764971942712265
61.72084103601794
68.61982565245371
76.92846956313726
87.31225059904506
100.0
76.55020721983625
55.31681841701105
35.97519672664214
17.7453556625615
0.01165998558825132
-17.722578403622016
-35.95424324458078
-55.29961347869131
-76.53979900459646
-100.0
-87.2418244137859
-76.79093851852164
-68.41764311024812
-61.454999400310655
-55.435420885019994
-50.07204795445125
-45.18660370630492
-40.66331043406723
-36.42324684302124
-32.41003416335053
-28.581569642041167
-24.905064346618385
-21.353954806815217
-17.905917929329668
-14.541557603741383
-11.243511688545345
-7.995827472872557
-4.783510353945529
-1.592183574383804
0.0
2.8835658807124482
5.779094181293136
8.698696664082389
11.65479990633337
14.660345384513334
17.729048529948578
20.875751318332306
24.11692043974482
27.471372984305066
30.961363941009957
34.614265107360765
38.46524713710897
42.56174594919082
46.971300909998895
51.79627642582301
57.20411915826669
63.49762087581435
71.30675341066006
82.20228956164661
100.0
72.17887365601791
51.18541794320133
33.122050301820224
16.31918096962986
0.01498165760511494
-16.28952901400484
-33.093556054210744
-51.15981603943983
-72.1605068276457
-100.0
-82.12792721062829
-71.1689185353694
-63.30016096638819
-56.94799365946129
-51.481223738427964
-46.59639766542054
-42.125626135877575
-37.966198636929505
-34.05027417588666
-30.33013455302163
-26.770332691618783
-23.3432182234483
-20.02625011360803
-16.800313669890624
-13.648629368994467
-10.55602330668199
-7.508424445070914
-4.492506142801549
-1.4954191917418824
0.0
2.685950657393273
5.382400883631463
8.099938639837333
10.849338472169151
13.64168066610792
16.48850612283119
19.402027773813632
22.39542955951354
25.483301043763657
28.682284752572627
32.01206435872058
35.49691546601349
39.16822157519662
43.06872887748452
47.26013072003232
51.83751810681848
56.959143246860435
62.91014865315489
70.16161168703981
76.97210866618097
60.95044739721271
44.433407627624135
29.103841915065864
14.422596961628841
0.01858943970642124
-14.385296824109204
-29.06625318229355
-44.39563304496237
-60.91305684863126
-76.93165847004474
-70.07248865483955
-62.768726236069014
-56.76562107072705
-51.59143075502417
-46.96052416937154
-42.71431551650174
-38.757450429123125
-35.0280022284591
-31.48300234256922
-28.090846110499243
-24.827032643660083
-21.671645673702123
-18.607800652217684
-15.620654929734172
-12.69675889037672
-9.823619637174394
-6.989399864455364
-4.182703522758087
-1.3924168237874046
0.0
2.477846960348425
4.964643393868597
7.469356684376802
10.00099199000968
12.568616066675812
15.181387645220546
17.84859746496592
20.579721415846464
23.38448959640246
26.272970363491055
29.25565614324967
32.34350211571523
35.547768262629205
38.87922487431197
42.345396045180564
45.94158765548519
49.620776559841524
53.18512251603397
55.87816164175233
55.13813977402938
47.53315866583859
36.46481433951866
24.46466493409504
12.259779971207116
0.022067287975393368
-12.215021904035098
-24.41791721097046
-36.41419987005496
-47.475139297514914
-55.06408099972774
-55.772855157205335
-53.03981428649046
-49.43169320042668
-45.70651051437361
-42.062531025798144
-38.54685547255646
-35.16413092667301
-31.906730482316835
-28.76374988132816
-25.723774191622304
-22.775677146145867
-19.90878174493738
-17.11282322460407
-14.377864409614135
-11.694212558947106
-9.052351039692132
-6.442886785976174
-3.8565107231539772
-1.2839676474299861
0.0
2.2607961803175805
4.5289740178864735
6.811860749501158
9.116668636771466
11.450420916165104
13.819854556833953
16.231285354142354
18.690412087797128
21.202019998385683
23.76951220664566
26.39413496466355
29.073633445322493
31.799797582752895
34.55373655342426
37.29627314864888
39.94739665309248
42.34072736658631
44.124154621321665
44.57857721062419
42.51816403507644
37.13004322933955
29.22085218709804
19.974052013811125
10.115814566221674
0.024934745768713906
-10.064923044725198
-19.919903111490264
-29.160537408246228
-37.059209460981855
-42.43011401012915
-44.4650216494279
-43.97833642310207
-42.158184386542956
-39.725087008873
-37.03185212516368
-34.24516790205963
-31.445156334287827
-28.671000786595986
-25.941537319252344
-23.264882754702512
-20.6431725159175
-18.075022202601296
-15.556876767517727
-13.083789017236041
-10.649891417484262
-8.248695748059692
-5.873292308735691
-3.5164887183010354
-1.170911897248326
0.0
2.0363572001045043
4.078581865075115
6.13242078293198
8.203366183381181
10.296493273646043
12.416249368262093
14.566166409010636
16.74845411008199
18.963405610417524
21.20850270392859
23.477026884130836
25.755833693441872
28.02167032584068
30.234899334045984
32.32856415112191
34.18928869474043
35.625321039399125
36.32118094179937
35.806019271253334
33.54147727417609
29.260647443531095
23.24460384476821
16.05191570961995
8.187504411616128
0.02680264918301889
-8.132657827334123
-15.99317857051189
-23.178804963844307
-29.18372688118115
-33.44832801280479
-35.69100331828501
-36.17918091538462
-35.452270401742254
-33.98204511798157
-32.084599921519946
-29.952043619084588
-27.697936315924338
-25.389308538769864
-23.06580107466534
-20.75062347537307
-18.456845346190732
-16.191088651058106
-13.955760479514712
-11.750447691540996
-9.572816822839467
-7.41921364729422
-5.285075869234369
-3.1652276174611456
-1.05409915473781
0.0
1.8060360224309757
3.616544332396772
5.4358233053044165
7.26780517562232
9.115824556162133
10.982321398925805
12.868442416948167
14.77348901741803
16.69413378053117
18.623285206040766
20.548411738793845
22.44902590703458
24.292859761220832
26.030028907501695
27.584258163783254
28.840389720049686
29.62910218941554
29.715882148095538
28.81524309655856
26.664797715442816
23.159596073427583
18.433323536563798
12.783632578872188
6.5455263865759274
0.02744971195174639
-6.489329729342456
-12.723429531129097
-18.36607140447156
-23.08175764886282
-26.572347570516452
-28.703947729882458
-29.58174151655346
-29.46864419025089
-28.650707325081683
-27.36290012723306
-25.774859254776263
-24.00193691862742
-22.120511726902144
-20.180506288695526
-18.21418077082106
-16.241982713382065
-14.276381782842845
-12.324393588994633
-10.38926244382406
-8.471603045952488
-6.570190768699231
-4.682521494068288
-2.8052196885639313
-0.9343475600757776
0.0
1.5712212324605848
3.145691198144118
4.726449551761048
6.316096782436946
7.9165195434571745
9.528542658190442
11.151470176133571
12.782464082430145
14.415688664125442
16.041118650140334
17.642867840297342
19.196842889114656
20.667476768857135
22.003295019489187
23.131248112546878
23.950419120209734
24.327468511200262
24.099581039640896
23.09462561117337
21.17609710213373
18.300765702356124
14.548783226402723
10.09941201746165
5.17972510173499
0.026814025397987162
-5.124859454862194
-10.040763738853714
-14.483613363405585
-18.226071215522975
-21.0886412687166
-22.991088973355886
-23.976773941828576
-24.18249443219672
-23.780730666296478
-22.93461679093319
-21.77774144612483
-20.411194901618522
-18.9081336345105
-17.320086172554383
-15.682633606542803
-14.019854257178302
-12.347599266224137
-10.675846556497223
-9.010379280044296
-7.353984728049893
-5.707317630522307
-4.069530424591511
-2.4387433039345625
-0.8124064672277944
0.0
1.3331320136621057
2.6684956635676604
4.0080990973647
5.353482186868422
6.705426990255427
8.063595825477666
9.426062513214537
10.788692699532756
12.144316516865338
13.481621919157583
14.783683020742552
16.026033867481424
17.174226770854933
18.180924675788905
18.982862695078207
19.49861857641774
19.629173588993794
19.26450399227062
18.299690438111067
16.660673216886178
14.331416461949722
11.367296637813501
7.886315905894438
4.046572455767502
0.024949742105297656
-3.995566668290695
-7.8319516651689405
-11.307215281587084
-14.263122352754257
-16.581559710983292
-18.207123408599706
-19.155933270438215
-19.502226043622564
-19.351143105167875
-18.81292755968847
-17.98678463119081
-16.954278116579967
-15.778769318347937
-14.507652201956478
-13.175399474487174
-11.806477992432992
-10.417797751544969
-9.020644994469738
-7.62216060458603
-6.226453802556138
-4.835437362937032
-3.449456674833371
-2.067770204694943
-0.6889264943926487
0.0
1.0927836494840164
2.1870026684608117
3.283875613523343
4.384167857401789
5.487914528360548
6.594078732341927
7.700116685688075
8.801416074521478
9.890568704261266
10.956435770730437
11.982969158408398
12.947775563456371
13.820471209787243
14.561004925327355
15.118367892408617
15.430488032192434
15.426568176077575
15.03338179354203
14.186444405915818
12.844817302561083
11.004989827659621
8.707637792635454
6.034170590990099
3.095948010096044
0.021984328299481826
-3.051045384331542
-5.9864448008669
-8.655143668696855
-10.945713574502713
-12.776694897632158
-14.107409159453244
-14.94142600628157
-15.319797456809976
-15.307152697984876
-14.97686819160354
-14.399876172822493
-13.638357862741646
-12.743401869400362
-11.755111290769982
-10.703898034448018
-9.612164915985874
-8.495956490528133
-7.366400627399174
-6.230893150218986
-5.094039034107047
-3.9583871911694026
-2.825001091900445
-1.693904907205946
-0.5644398242244257
0.0
0.8509731970894622
1.702799865579051
2.5561427451557703
3.411266785314239
4.267798431527152
5.124432235890241
5.978563550319125
6.825824132614487
7.659497350340589
8.469794136764436
9.242984948249275
9.96041489827461
10.59749099014037
11.122836110769912
11.497962741920567
11.67801266386959
11.614256180292614
11.258962456398091
10.572686529205793
9.532862975491923
8.14130211219216
6.427854772492117
4.44894097350003
2.281979356227925
0.0180877642433091
-2.2450644395976846
-4.40979698687691
-6.3849639128602265
-8.09311384612262
-9.477806341603124
-10.509197706370099
-11.185519838642998
-11.529412375073651
-11.580415060146862
-11.38635963627006
-10.99607027350549
-10.454484994599753
-9.800152699491925
-9.064493191126783
-8.272125449228817
-7.441716909244006
-6.5870001997619525
-5.7177624199133605
-4.84071803079093
-3.960238367243023
-3.0789428507724255
-2.198171220064404
-1.3183607216752051
-0.4393522506006532
0.0
0.60828574701867
1.21703175535607
1.8265498700704264
2.436842959418753
3.047419516751102
3.6570699255017582
4.263590085276781
4.8634381230477395
5.451312149921772
6.019643817808928
6.558017440592708
7.052552773133754
7.485337026724135
7.83406216928601
8.072112289952326
8.169428057939745
8.094493253393688
7.81765130053372
7.315587176182834
6.5762382203323995
5.602889839440308
4.4161884133001355
3.0534651631644674
1.565747284501693
0.013453279965913334
-1.5383074143565068
-3.024420069923003
-4.384452846656232
-5.567364025781117
-6.53581566398004
-7.269170434848231
-7.764171764898025
-8.032929596630444
-8.098818894103722
-7.991560975818281
-7.742734180126502
-7.382451911564218
-6.937373164960336
-6.429837319351217
-5.877777652785914
-5.295085996106449
-4.692183355097512
-4.0766402520776825
-3.4537611779085156
-2.827095171444798
-2.198862992619389
-1.570306480707484
-0.941972607849641
-0.3139471217016292
0.0
0.36511971570536544
0.7304533763901961
1.0961209242696752
1.462046855387528
1.8278436463483032
2.1926720686425414
2.5550702851184153
2.9127442546167988
3.262314290046889
3.599018099817104
3.9163813961256957
4.2058857333850845
4.456691844843244
4.655515200455994
4.786792574076169
4.8333069338103725
4.777422170410245
4.602981550794176
4.297725619808201
3.8558278957214904
3.2799541201192213
2.582276160238272
1.7841626274444067
0.9146763082964393
0.008286210169741917
-0.8977822770947631
-1.7663014485218946
-2.562796603616012
-3.258199241337805
-3.8311393651259094
-4.269451887680116
-4.570487970813115
-4.740100564189294
-4.790582408995466
-4.738126441223291
-4.600404006165137
-4.394663383235708
-4.136493256052435
-3.8391972085862722
-3.5136275003631896
-3.1683105373882086
-2.8097250381087937
-2.4426360512171787
-2.0704265319373993
-1.695396873631971
-1.3190214480291331
-0.9421620352376207
-0.5652435888963696
-0.18840019287407156
0.0
0.12172812946524367
0.24351695640773025
0.36539501159950366
0.4873239907964467
0.6091590152832655
0.7306011885894388
0.8511398397882851
0.9699821616405389
1.085968890131563
1.197476728110987
1.3023120632107448
1.3976069197213468
1.479737518095843
1.544297845093594
1.5861727234865954
1.599761150173597
1.5793918017766373
1.5199387870390126
1.4175845686153552
1.2706037468268352
1.0799916128671359
0.8497735546719428
0.586913837015349
0.30085486120970517
0.0027978515564767922
-0.295151724411171
-0.5808877577844235
-0.8432074752991021
-1.072667021740652
-1.2623020677534278
-1.408089689208814
-1.5090401737889425
-1.5668874601537035
-1.5854597725797266
-1.5698946571768864
-1.5258748555407373
-1.4590115864945035
-1.3744284402763336
-1.2765378136845005
-1.1689679267589217
-1.0545895728742167
-0.9355980469005871
-0.8136178091024043
-0.6898095019191752
-0.5649683991583139
-0.4396097827983701
-0.31404061562738317
-0.18841896135614922
-0.06280357324399319
