 0.0
 0.6950843693971483
 1.355305208363503
 1.9461146066793003
 2.433778692822087
 2.7862674834669536
 2.974781422352625
 2.976166817076971
 2.7763684678095117
 2.374733902340942
 1.7883364419961123
 1.0546662698500573
 0.23061375802542391
 -0.6135664032151776
 -1.404487197588843
 -2.0769252155374676
 -2.5824065481494625
 -2.8929011918667698
 -2.9999036246255693
 -2.910746284483193
 -2.6441291437914427
 -2.2261470450841028
 -1.6873142754372905
 -1.0605832625347442
 -0.380140746321537

 0.0
 0.6403868757235301
 1.2556172093991282
 1.8198614937217195
 2.3059977070286473
 2.685151549102467
 2.926632940298182
 2.9987593603912095
 2.8714743132170324
 2.5221407114825705
 1.9457626112835427
 1.1685358219116544
 0.25775010841331986
 -0.6839614067262283
 -1.5448014557664893
 -2.2361472124721877
 -2.709970384770531
 -2.9560066120500577
 -2.988860780096583
 -2.8355393784419607
 -2.527332006658848
 -2.095657900319669
 -1.5704117908672837
 -0.9796289013673337
 -0.34977025236105813

 0.0
 0.5935115237450497
 1.1684648371320108
 1.705394249348811
 2.1829492974686233
 2.5767919761979323
 2.8583684656043733
 2.993737691630358
 2.943173677471485
 2.6636464105479067
 2.119125357565915
 1.3061105389704901
 0.2920114713826989
 -0.7716635896458076
 -1.7081806710337328
 -2.401879208199917
 -2.8222718017270365
 -2.9920469600147053
 -2.952512475417571
 -2.745838921469128
 -2.409172371661458
 -1.973872513988202
 -1.4664127339808661
 -0.9096217917057555
 -0.32385856064371654

 0.0
 0.5529290903735641
 1.0918932518303044
 1.602061315402307
 2.0667462305628637
 2.4661448284077836
 2.775614559865691
 2.963253592060051
 2.9866560212191153
 2.7896089152989947
 2.303651461520106
 1.4730049439762587
 0.33653648972478856
 -0.8832248790122724
 -1.8959603719329976
 -2.5657076759598527
 -2.911058708050231
 -2.9995887730298887
 -2.895164339629371
 -2.6473895660531523
 -2.2934305755684092
 -1.8615230711697792
 -1.3738487017774972
 -0.8486079594259955
 -0.30149789368976626

 0.0
 0.517474372912361
 1.0242519947041886
 1.5088952217224427
 1.9583536478090786
 2.356788553645602
 2.6838185415736375
 2.9117029102827168
 3.0005949303045463
 2.8904977014083366
 2.48958709313012
 1.6742932407140931
 0.39651517679029086
 -1.0281933241041328
 -2.1054750692347803
 -2.716056698999441
 -2.970393630959447
 -2.980510369283264
 -2.8222029837519234
 -2.545005521076997
 -2.182477807471245
 -1.758556087326335
 -1.2912782214733411
 -0.7950360205768899
 -0.28200920301826976

 0.0
 0.4862472363843412
 0.9641698132203114
 1.4248381458730868
 1.8579952861303393
 2.2510551501203904
 2.587543213104834
 2.84443155404171
 2.987178211403377
 2.959680794666166
 2.6625263483609865
 1.911037128237662
 0.48100802968132755
 -1.2198926170351096
 -2.326805529644297
 -2.840754772118286
 -2.9982966708226217
 -2.939104441104875
 -2.7389390200366854
 -2.4422930749405887
 -2.0776098863728087
 -1.6644895543040477
 -1.217385952503656
 -0.7476710997322028
 -0.2648750564724293

 0.0
 0.4585430840088288
 0.9105145712490594
 1.3488591927784443
 1.7654568283505778
 2.150306994045073
 2.4902360338916685
 2.7666252415311456
 2.950987562079316
 2.995264799593502
 2.807041118251796
 2.1738157753157012
 0.6067021319431458
 -1.474101131246157
 -2.541285108918613
 -2.930940190001608
 -2.996815733888451
 -2.8807114745937845
 -2.6499009511069405
 -2.3417206042825134
 -1.9793819631022187
 -1.5786403464616954
 -1.1510151335488452
 -0.705524764892888
 -0.24969461556209777

 0.0
 0.43380350817400015
 0.8623523714664204
 1.2800085652253754
 1.680289614843273
 2.055220200132981
 2.3942997524335152
 2.682673340881816
 2.897516270445342
 2.999866560045948
 2.912359088820896
 2.4369001464197235
 0.8053498105266139
 -1.7997088078117083
 -2.7260855205247116
 -2.983747975872534
 -2.970706666406046
 -2.8105620661833575
 -2.558584617743222
 -2.2448390916143013
 -1.8878765053691935
 -1.50025841752363
 -1.0911678793866122
 -0.6678002417656279
 -0.2361527489781397

 0.0
 0.41158083830176023
 0.8189111606567454
 1.2174372346213018
 1.6019383137478138
 1.966016946178204
 2.3012906954622645
 2.5959652507838418
 2.8320207074714014
 2.978851005889484
 2.97576402935398
 2.6644268762592724
 1.1347120059080102
 -2.173015913841292
 -2.8644437370667517
 -3.0019863755324714
 -2.9257328855087725
 -2.7331201837621366
 -2.4674955499096125
 -2.1525258511799326
 -1.8028946915737336
 -1.4286007796867015
 -1.03699165450654
 -0.633850295618871
 -0.22399840532094514

 0.0
 0.39151234420155784
 0.779550185621303
 1.1603988666203704
 1.5298166935408966
 1.8826359666578032
 2.212136071704657
 2.5089485086181686
 2.758924753998125
 2.9383917628824667
 3.0013737706964863
 2.83190793294938
 1.6733896499834178
 -2.512847699843973
 -2.952206025969235
 -2.9917307549742933
 -2.8674011285814576
 -2.6518700285238084
 -2.378320524336929
 -2.0651938120437063
 -1.724083972892361
 -1.3629689731134211
 -0.9877611089790316
 -0.6031450301580865
 -0.21302918350309974

 0.0
 0.37330122363811774
 0.7437350833826465
 1.108243344806268
 1.463350157788044
 1.804849725698519
 2.127321523221001
 2.4232960291239247
 2.6816599604262783
 2.88419404676806
 2.996584389141133
 2.9371826309508275
 2.4286746433985487
 -2.7340752216555084
 -2.9951218856083988
 -2.959876791308325
 -2.8003373732686727
 -2.5693662130478376
 -2.2921247794271604
 -1.9829511073502515
 -1.6510190891713727
 -1.3027253893490536
 -0.9428596070669351
 -0.5752472548799206
 -0.20308013546502818

 0.0
 0.3567024149239139
 0.7110178462237217
 1.0604069042248176
 1.4019978634619787
 1.7323414875857117
 2.047035790386637
 2.3400912719485016
 2.6027434470331965
 2.8209487973117273
 2.9691602960490373
 2.988821274394282
 3.1748175364360307
 -2.870381057832887
 -3.0028046830582364
 -2.912679135527511
 -2.7281344612960026
 -2.487393116035464
 -2.209526830475237
 -1.9057148287116183
 -1.5832514780702842
 -1.2472978556289633
 -0.9017622987097431
 -0.5497935686529751
 -0.19401551282959864

 0.0
 0.3415118837571479
 0.681020801980919
 1.016401452320143
 1.3452627052166815
 1.6647543090454977
 1.9712754450003458
 2.2599906659628513
 2.5239449744244924
 2.7522544543750835
 2.925807172439152
 3.0031038205230445
 3.6182880633197207
 -3.025804982852488
 -2.984360747454938
 -2.8552059241773433
 -2.653442782265183
 -2.407143347561497
 -2.1308363265644874
 -1.8332887130904707
 -1.5203381286001614
 -1.1961780370096888
 -0.8640213633542257
 -0.5264797496785955
 -0.18572259630249094

 0.0
 0.3275584422393387
 0.6534238212513862
 0.9758043235817692
 1.292694323880012
 1.6017211853151183
 1.8999177768599849
 2.183351664955504
 2.4464629334953387
 2.680751622361158
 2.8717620126526224
 3.0038371635237335
 3.77080308879949
 -3.190112302350388
 -2.947492139009473
 -2.79131057814139
 -2.5781461685621667
 -2.329375479843565
 -2.056156010212029
 -1.765414608272465
 -1.461857455737051
 -1.1489168503932163
 -0.8292534847944898
 -0.5050493957306589
 -0.17810702168374226

