0.0
1.1779979167960584
2.12970343127496
2.6899027662751607
2.797114666728316
2.505165842737489
1.9607405388704142
1.3545151378585678
0.8615553481549779
0.5896932604922429
0.5516950584889643
0.6691610633743763
0.8058303277059196
0.8186030173423374
0.6091374291307116
0.15903751823750642
-0.4626897397629419
-1.121949042046887
-1.6638388274602898
-1.9638957318529031
-1.9690801090852508
-1.71475405368832
-1.3119122710618205
-0.9088379933458977
-0.6399155408884738
-0.5787206265406075
-0.7112680411161241
-0.9387981933928059
-1.1098222449407322
-1.0714574395921987
-0.7235352413667238
-0.05772093780929602
0.83159707062567
1.7690133509774437
2.5463641113242867
2.982896901606883
2.978699432163526
2.5446345907545758
1.7992686177473665
0.9335783143196607
0.1543130331283241
-0.3764409288403308
-0.5868141586875119
-0.5119105960735393
-0.276985823507111
-0.05285696045144586
0.0019704907774690805
-0.20603992420862913
-0.6746178963753494
-1.3061179017931226
-1.9385828850054425
-2.3970360859502087
-2.5482777622958674
-2.341590310131963
-1.8225593220745882
-1.1160978223475317
-0.38480767833994234
0.2232432341607591
0.6199769398651366
0.8010820784412709
0.8405255888325723
0.8580116639184466
0.9706503224442269
1.2454246944414669
1.6688882358690136
2.1449088343738296
2.5220191071440086
2.64204415572636
2.3943968567906717
1.7581661845201797
0.8176713636900104
-0.25457220667112207
-1.2431566814103574
-1.9498906216549212
-2.250285384163638
-2.128842918769831
-1.6820106274671593
-1.087685296454785
-0.5505720917576633
-0.24022949422624867
-0.24086823965796592
-0.5282157886379771
-0.980209494371849
-1.4176653259400485
-1.6617573973698947
-1.5900786104299625
-1.173806744513876
-0.4847788256703646
0.3289782896051857
1.090653463949574
1.6492388155425126
1.9235769420173507
1.9219339108944165
1.731422969385478
1.4816083536036864
1.2950937151507926
1.2420850454924055
1.314462321944578
1.4282915273326025
1.454135269868615
1.2651244702249125
0.7866310036738817
0.030565312897900765
-0.8978799042560004
-1.8243352426269324
-2.5534043147196157
-2.926021486249819
-2.8678569064587385
-2.413119926075309
-1.6957084400732163
-0.9099324997205452
-0.2527232635780293
0.13478779231617788
0.2081065597553335
0.02987210016319916
-0.25322666620471057
-0.4597815962966157
-0.43365529278679094
-0.09572400218696045
0.528864175514134
1.3163586137523493
2.0810191876133257
2.6309565647051807
2.8255363471577635
2.61639053507379
2.0594916022198033
1.2950864930146726
0.5025374055173427
-0.15502014775449524
-0.5783173656824354
-0.7568322430581355
-0.7635119853596466
-0.7219098854814837
-0.7573303484249877
-0.9487156543076674
-1.2976079907876994
-1.724732344188786
-2.0954798881840198
-2.265872181693611
-2.133641845028275
-1.6771686355188509
-0.9688107306342104
-0.15745986593377048
0.5747558715905221
1.0680835611222863
1.2352271972886772
1.0895048763794697
0.7414816978954923
0.3644756906092491
0.13933842084267953
0.19570357417578826
0.568267701890143
1.1821364453182284
1.8722442623873188
2.4311865890641813
2.670874725638698
2.479071236282719
1.8534671863898695
0.9030053849306969
-0.18361034687081337
-1.1921058883869358
-1.9425220933923473
-2.3363373394242455
-2.3767657513185463
-2.156949725069026
-1.8210754208161384
-1.5119579772762441
-1.322651651789472
-1.267897444148048
-1.2843541970730175
-1.2588519663430822
-1.074550711750213
-0.65894474221665
-0.017060725165993135
0.7618611179381909
1.5270627368681662
2.111348578292076
2.3839440314207128
2.2936685459668413
1.8878348528681652
1.3000000000000003
0.7097706983784715
0.28704112730261233
0.13832113439396634
0.2724432903235815
0.5969808840129945
0.9470334058878523
1.1377209728898288
1.0240793713572773
0.5495305195899848
-0.23244676816963175
-1.1704762810262257
-2.05770570029369
-2.69143232661508
-2.9315102365561527
-2.739570941503391
-2.187205405698566
-1.4310680369955668
-0.6632375725868713
-0.05280503619107756
0.30285351574020086
0.4020706305723878
0.3312601424133138
0.22903561488968147
0.2344742213598886
0.43684022939333594
0.8433289248333419
1.3752629589254666
1.8936999027398256
2.2456977389521335
2.3157035741757874
2.0648847152370085
1.5452362084626479
0.8836532096110643
0.2411118705105088
-0.23960497317339735
-0.4802983088298184
-0.49230932132616023
-0.3714197246914228
-0.26391067892899683
-0.31454691659048994
-0.6133993413035096
-1.1591248367040814
-1.8513010907701206
-2.515233937114146
-2.952237858764225
-3.0000794002890965
-2.5847556698679353
-1.74722072087737
-0.6363335492608311
0.5302273119142115
1.5253704179342304
2.1743034173336215
2.399888824909323
2.238186259852044
1.8201090485194729
1.3256958032262283
0.9259006792801097
0.7303932940812361
0.7575390483289384
0.9353074360872073
1.1317623813257258
1.2042944170876906
1.0509096837010947
0.646543889108489
0.05257748432417862
-0.6032527129869476
-1.1694923031016151
-1.521639332620935
-1.6036914364948547
-1.4464677465747449
-1.1563371373428128
-0.8778630795497491
-0.742654471693251
-0.8214961673284592
-1.0960210506200756
-1.4599958785206115
-1.7507007049273489
-1.8009844432124007
-1.4955977835011518
-0.8136392082908999
0.1569704505015923
1.2383986666832185
2.2100917865117737
2.8701283034998415
3.092004258291052
2.859402139749376
2.2682896283685405
1.495859020637366
0.7461310361847349
0.18923881554251468
-0.08679244188303073
-0.09709660065187944
0.05208783331268613
0.2039870416317976
0.20683193271029363
-0.03371413936244631
-0.5220358613728641
-1.1701023550212375
-1.8253806080049757
-2.319631918173771
-2.5224582814012733
-2.3821218478679675
-1.9405060971261512
-1.3176712633608236
-0.6714596546702802
-0.14576006524227536
0.17531181311057548
0.2921001651152061
0.2847990960592955
0.2811361168358234
0.4071980116033371
0.737969731853563
1.2644452928694156
1.8888942939938396
2.4507129849027094
2.775213721274095
2.7299896709293465
2.270668741718896
1.4609098697300276
0.45947441116742554
-0.5223980608431049
-1.280586330758808
-1.6763924337169087
-1.6755024101875073
-1.3554803760478678
-0.8794595552372012
-0.44423889073998046
-0.21895419720774573
-0.29334830233354137
-0.6515233300330908
-1.1789394656942838
-1.6999287317712228
-2.0334652456515783
-2.049393255203951
-1.7074868284279539
-1.0674874164324946
-0.26773179865966074
0.5199331863020056
1.1438015748844303
1.5169347520566883
1.6384783660248503
1.5853087589897095
1.4775693978378903
1.4303175622114197
1.508064731144808
1.6979711054553064
1.9111848626930095
2.0123575884790936
1.8678253565850447
1.396464758633278
0.6059725974697926
-0.3982587875191441
-1.4357794968546227
-2.29912570534694
-2.812755122785965
-2.8845125558113005
-2.533269564846095
-1.883657513579188
-1.1290730762451173
-0.4741207049581161
-0.07417867465162162
0.009260939377098612
-0.1762513277239186
-0.49294542039245726
-0.7594580024497581
-0.8104148301491997
-0.5501776574832811
0.016022071560267442
0.7830389794211609
1.5781002566624243
2.213774491832443
2.5445794617289024
2.5092968359143843
2.145912826820075
1.575083989882335
0.958209378759832
0.4442798692484228
0.12307601261073647
-6.623769363175991E-5
-3.724114712230203E-15
6.623769363503507E-5
-0.12307601261074363
-0.44427986924840024
-0.9582093787598139
-1.5750839898823379
-2.145912826820069
-2.509296835914379
-2.5445794617289095
-2.213774491832447
-1.5781002566624311
-0.7830389794211857
-0.016022071560264167
0.5501776574832788
0.8104148301491844
0.7594580024497305
0.4929454203924685
0.17625132772391902
-0.009260939377078364
0.07417867465162234
0.47412070495810954
1.1290730762451047
1.8836575135791893
2.533269564846084
2.884512555811303
2.812755122785959
2.2991257053469862
1.4357794968546465
0.39825878751914384
-0.6059725974697869
-1.396464758633285
-1.8678253565850367
-2.0123575884790696
-1.911184862693026
-1.697971105455307
-1.5080647311448072
-1.4303175622114261
-1.4775693978378865
-1.5853087589897261
-1.6384783660248603
-1.5169347520566812
-1.143801574884428
-0.5199331863020059
0.26773179865965924
1.0674874164324755
1.7074868284279643
2.0493932552039515
2.033465245651588
1.6999287317712506
1.1789394656942882
0.6515233300330893
0.2933483023335416
0.21895419720774856
0.44423889073997536
0.8794595552372018
1.3554803760478373
1.6755024101875293
1.6763924337169043
1.28058633075881
0.5223980608431045
-0.4594744111674183
-1.460909869730025
-2.270668741718862
-2.729989670929348
-2.775213721274097
-2.4507129849027094
-1.888894293993843
-1.264445292869425
-0.7379697318535704
-0.4071980116033406
-0.2811361168357992
-0.284799096059298
-0.2921001651152032
-0.1753118131105859
0.14576006524226431
0.6714596546702787
1.317671263360816
1.9405060971261252
2.382121847867963
2.522458281401273
2.3196319181737723
1.825380608004981
1.170102355021234
0.522035861372866
0.03371413936244344
-0.2068319327102907
-0.2039870416318161
-0.052087833312705514
0.09709660065185244
0.08679244188304039
-0.18923881554251423
-0.746131036184748
-1.4958590206373577
-2.2682896283685436
-2.8594021397493745
-3.092004258291047
-2.8701283034998446
-2.2100917865117893
-1.2383986666832307
-0.15697045050163755
0.8136392082908861
1.4955977835011467
1.8009844432124236
1.7507007049273704
1.4599958785205762
1.0960210506200543
0.8214961673284498
0.7426544716932524
0.8778630795497571
1.1563371373428148
1.4464677465747509
1.6036914364948593
1.521639332620931
1.1694923031016111
0.6032527129869694
-0.05257748432413384
-0.6465438891084624
-1.0509096837010776
-1.2042944170877041
-1.131762381325706
-0.9353074360871668
-0.7575390483289304
-0.7303932940812319
-0.925900679280101
-1.3256958032262254
-1.8201090485194633
-2.23818625985205
-2.3998888249093318
-2.1743034173336286
-1.5253704179342433
-0.5302273119142311
0.6363335492608004
1.7472207208773418
2.5847556698679135
3.0000794002890827
2.952237858764209
2.515233937114154
1.851301090770124
1.159124836704095
0.6133993413035175
0.3145469165905016
0.2639106789289915
0.37141972469140766
0.49230932132614813
0.48029830882982194
0.23960497317340762
-0.2411118705104798
-0.8836532096110449
-1.5452362084626738
-2.0648847152370164
-2.315703574175786
-2.245697738952123
-1.8936999027398203
-1.3752629589254672
-0.8433289248333486
-0.4368402293933332
-0.2344742213598956
-0.22903561488967888
-0.3312601424133137
-0.40207063057237236
-0.3028535157401888
0.052805036191074156
0.6632375725868399
1.431068036995582
2.1872054056985704
2.739570941503399
2.9315102365561563
2.6914323266150757
2.0577057002936976
1.1704762810262308
0.23244676816964355
-0.5495305195899781
-1.0240793713572793
-1.1377209728898177
-0.9470334058878591
-0.5969808840130206
-0.2724432903236037
-0.13832113439397203
-0.287041127302614
-0.7097706983784777
-1.3000000000000147
-1.8878348528681759
-2.2936685459668413
-2.38394403142071
-2.111348578292066
-1.5270627368681762
-0.76186111793821
0.017060725165972707
0.6589447422166457
1.0745507117502278
1.2588519663431064
1.2843541970730405
1.2678974441480642
1.3226516517894678
1.5119579772762453
1.8210754208161466
2.1569497250690386
2.3767657513185596
2.3363373394242544
1.9425220933923677
1.1921058883869415
0.18361034687083239
-0.9030053849306814
-1.8534671863898473
-2.4790712362827
-2.6708747256387024
-2.4311865890641986
-1.8722442623872972
-1.182136445318217
-0.5682677018901375
-0.19570357417579426
-0.13933842084268577
-0.3644756906092426
-0.7414816978954903
-1.0895048763794541
-1.2352271972886861
-1.0680835611222959
-0.5747558715905359
0.15745986593375755
0.9688107306341895
1.6771686355188387
2.133641845028263
2.265872181693599
2.0954798881839998
1.7247323441887727
1.2976079907876867
0.9487156543076785
0.7573303484249782
0.7219098854814872
0.7635119853596799
0.7568322430581177
0.5783173656824526
0.1550201477544862
-0.5025374055173227
-1.2950864930146548
-2.0594916022197736
-2.616390535073768
-2.825536347157767
-2.630956564705183
-2.0810191876133093
-1.3163586137523464
-0.5288641755141554
0.09572400218696239
0.4336552927867747
0.4597815962966265
0.25322666620470624
-0.029872100163161174
-0.20810655975532172
-0.1347877923161954
0.25272326357802133
0.9099324997205127
1.6957084400732336
2.413119926075325
2.8678569064587447
2.9260214862498204
2.5534043147196193
1.8243352426269246
0.8978799042560099
-0.03056531289791828
-0.7866310036738738
-1.2651244702248878
-1.454135269868634
-1.4282915273326033
-1.314462321944605
-1.2420850454924117
-1.2950937151507829
-1.481608353603703
-1.731422969385498
-1.921933910894416
-1.9235769420173678
-1.649238815542499
-1.0906534639495704
-0.3289782896052095
0.48477882567037
1.1738067445138585
1.590078610429964
1.66175739736991
1.4176653259400518
0.9802094943718714
0.5282157886379948
0.24086823965798443
0.2402294942262468
0.5505720917576784
1.0876852964548078
1.6820106274671693
2.1288429187698235
2.2502853841636514
1.9498906216549023
1.2431566814103703
0.25457220667115305
-0.8176713636900086
-1.7581661845201408
-2.3943968567906784
-2.6420441557263743
-2.5220191071440343
-2.1449088343738643
-1.6688882358690045
-1.245424694441459
-0.9706503224442536
-0.8580116639184455
-0.840525588832581
-0.8010820784412884
-0.6199769398651364
-0.22324323416077235
0.3848076783399438
1.1160978223474989
1.822559322074563
2.3415903101319535
2.548277762295854
2.3970360859502327
1.9385828850054296
1.3061179017931048
0.6746178963753449
0.20603992420863093
-0.0019704907774841796
0.05285696045146138
0.2769858235071018
0.5119105960735343
0.5868141586875328
0.3764409288403257
-0.15431303312830807
-0.933578314319639
-1.7992686177473376
-2.544634590754562
-2.9786994321635074
-2.9828969016068836
-2.5463641113242725
-1.7690133509774366
-0.8315970706256596
0.05772093780928872
0.7235352413667016
1.0714574395922087
1.1098222449407182
0.9387981933928297
0.7112680411161236
0.5787206265406033
0.6399155408884749
0.9088379933458733
1.3119122710617859
1.7147540536883
1.9690801090852568
1.9638957318529042
1.6638388274603026
1.1219490420468683
0.4626897397629499
-0.15903751823751655
-0.6091374291306932
-0.8186030173423168
-0.8058303277059281
-0.6691610633743779
-0.5516950584889763
-0.589693260492245
-0.8615553481549786
-1.354515137858555
-1.9607405388704304
-2.505165842737499
-2.7971146667283353
-2.6899027662751465
-2.1297034312749714
-1.1779979167960897
