-0.0014918816
-0.0054344092
-0.019881496
-0.046816334
-0.0892159
-0.14976914
-0.22803876
-0.31710595
-0.40323216
-0.4715955
-0.5134554
-0.52843344
-0.5210195
-0.4971354
-0.46095535
-0.4259367
-0.39581567
-0.3702178
-0.35086188
-0.33885267
-0.33478698
-0.33885267
-0.35086188
-0.3702178
-0.39581567
-0.4259367
-0.46095535
-0.4971354
-0.5210195
-0.52843344
-0.5134554
-0.4715955
-0.40323216
-0.31710595
-0.22803876
-0.14976914
-0.0892159
-0.046816334
-0.019881496
-0.0054344092
-0.0014918816
  
-0.0054344092
-0.009800252
-0.025768341
-0.055343617
-0.10107518
-0.16396323
-0.24020663
-0.31988266
-0.39072084
-0.4440258
-0.47642213
-0.48858455
-0.48306745
-0.46340197
-0.43199348
-0.40147308
-0.37519023
-0.3525431
-0.33524543
-0.32444426
-0.3207761
-0.32444426
-0.33524543
-0.3525431
-0.37519023
-0.40147308
-0.43199348
-0.46340197
-0.48306745
-0.48858455
-0.47642213
-0.4440258
-0.39072084
-0.31988266
-0.24020663
-0.16396323
-0.10107518
-0.055343617
-0.025768341
-0.009800252
-0.0054344092
  
-0.019881496
-0.025768341
-0.047072403
-0.08528876
-0.14010449
-0.20539068
-0.26846293
-0.31723872
-0.3479144
-0.3640466
-0.37053528
-0.37044728
-0.36432147
-0.35176054
-0.33099574
-0.31204203
-0.2965709
-0.2827136
-0.27177304
-0.26478535
-0.26238522
-0.26478535
-0.27177304
-0.2827136
-0.2965709
-0.31204203
-0.33099574
-0.35176054
-0.36432147
-0.37044728
-0.37053528
-0.3640466
-0.3479144
-0.31723872
-0.26846293
-0.20539068
-0.14010449
-0.08528876
-0.047072403
-0.025768341
-0.019881496
  
-0.046816334
-0.055343617
-0.08528876
-0.13482347
-0.19506474
-0.24908668
-0.2819023
-0.29056263
-0.28188103
-0.26490507
-0.246102
-0.22884741
-0.21344623
-0.19864053
-0.1806725
-0.16797091
-0.16053207
-0.15438697
-0.14964196
-0.14661372
-0.14557014
-0.14661372
-0.14964196
-0.15438697
-0.16053207
-0.16797091
-0.1806725
-0.19864053
-0.21344623
-0.22884741
-0.246102
-0.26490507
-0.28188103
-0.29056263
-0.2819023
-0.24908668
-0.19506474
-0.13482347
-0.08528876
-0.055343617
-0.046816334
  
-0.0892159
-0.10107518
-0.14010449
-0.19506474
-0.24449272
-0.26907656
-0.2648441
-0.23997012
-0.20514701
-0.16856048
-0.13460521
-0.105142206
-0.079802744
-0.057251297
-0.033378966
-0.017126272
-0.008530634
-0.002552224
0.0014394869
0.0037467857
0.0045039747
0.0037467857
0.0014394869
-0.002552224
-0.008530634
-0.017126272
-0.033378966
-0.057251297
-0.079802744
-0.105142206
-0.13460521
-0.16856048
-0.20514701
-0.23997012
-0.2648441
-0.26907656
-0.24449272
-0.19506474
-0.14010449
-0.10107518
-0.0892159
  
-0.14976914
-0.16396323
-0.20539068
-0.24908668
-0.26907656
-0.25760293
-0.22289422
-0.17688505
-0.12868479
-0.083607204
-0.043584183
-0.00887707
0.021722745
0.049849767
0.08006018
0.1022346
0.115685135
0.12561607
0.13252704
0.13661669
0.13798398
0.13661669
0.13252704
0.12561607
0.115685135
0.1022346
0.08006018
0.049849767
0.021722745
-0.00887707
-0.043584183
-0.083607204
-0.12868479
-0.17688505
-0.22289422
-0.25760293
-0.26907656
-0.24908668
-0.20539068
-0.16396323
-0.14976914
  
-0.22803876
-0.24020663
-0.26846293
-0.2819023
-0.2648441
-0.22289422
-0.16856259
-0.111922756
-0.0588032
-0.011772551
0.02913317
0.064761996
0.09697674
0.12774144
0.16231789
0.18934448
0.20775235
0.22265258
0.23353602
0.24019703
0.24238446
0.24019703
0.23353602
0.22265258
0.20775235
0.18934448
0.16231789
0.12774144
0.09697674
0.064761996
0.02913317
-0.011772551
-0.0588032
-0.111922756
-0.16856259
-0.22289422
-0.2648441
-0.2819023
-0.26846293
-0.24020663
-0.22803876
  
-0.31710595
-0.31988266
-0.31723872
-0.29056263
-0.23997012
-0.17688505
-0.111922756
-0.051379353
0.002070742
0.04794808
0.08751111
0.12236641
0.15493725
0.18793184
0.22809042
0.2612937
0.2832476
0.2991213
0.30986196
0.31616038
0.31831032
0.31616038
0.30986196
0.2991213
0.2832476
0.2612937
0.22809042
0.18793184
0.15493725
0.12236641
0.08751111
0.04794808
0.002070742
-0.051379353
-0.111922756
-0.17688505
-0.23997012
-0.29056263
-0.31723872
-0.31988266
-0.31710595
  
-0.40323216
-0.39072084
-0.3479144
-0.28188103
-0.20514701
-0.12868479
-0.0588032
0.002070742
0.053825825
0.09749502
0.1352963
0.1696184
0.20460828
0.2437572
0.28557855
0.31665096
0.33657703
0.3511237
0.3612224
0.36729303
0.36924055
0.36729303
0.3612224
0.3511237
0.33657703
0.31665096
0.28557855
0.2437572
0.20460828
0.1696184
0.1352963
0.09749502
0.053825825
0.002070742
-0.0588032
-0.12868479
-0.20514701
-0.28188103
-0.3479144
-0.39072084
-0.40323216
  
-0.4715955
-0.4440258
-0.3640466
-0.26490507
-0.16856048
-0.083607204
-0.011772551
0.04794808
0.09749502
0.13911846
0.17616881
0.21438257
0.25222206
0.28806922
0.32794356
0.35760996
0.3757799
0.38966978
0.3998808
0.40611637
0.40820873
0.40611637
0.3998808
0.38966978
0.3757799
0.35760996
0.32794356
0.28806922
0.25222206
0.21438257
0.17616881
0.13911846
0.09749502
0.04794808
-0.011772551
-0.083607204
-0.16856048
-0.26490507
-0.3640466
-0.4440258
-0.4715955
  
-0.5134554
-0.47642213
-0.37053528
-0.246102
-0.13460521
-0.043584183
0.02913317
0.08751111
0.1352963
0.17616881
0.21804573
0.25574303
0.2895391
0.32290852
0.36284128
0.39256465
0.41213349
0.42889977
0.44225937
0.45096144
0.45401612
0.45096144
0.44225937
0.42889977
0.41213349
0.39256465
0.36284128
0.32290852
0.2895391
0.25574303
0.21804573
0.17616881
0.1352963
0.08751111
0.02913317
-0.043584183
-0.13460521
-0.246102
-0.37053528
-0.47642213
-0.5134554
  
-0.52843344
-0.48858455
-0.37044728
-0.22884741
-0.105142206
-0.00887707
0.064761996
0.12236641
0.1696184
0.21438257
0.25574303
0.28958496
0.32121915
0.35485077
0.39833507
0.43441346
0.46299654
0.49070743
0.51452005
0.53053904
0.5361193
0.53053904
0.51452005
0.49070743
0.46299654
0.43441346
0.39833507
0.35485077
0.32121915
0.28958496
0.25574303
0.21438257
0.1696184
0.12236641
0.064761996
-0.00887707
-0.105142206
-0.22884741
-0.37044728
-0.48858455
-0.52843344
  
-0.5210195
-0.48306745
-0.36432147
-0.21344623
-0.079802744
0.021722745
0.09697674
0.15493725
0.20460828
0.25222206
0.2895391
0.32121915
0.35332024
0.39220953
0.4482093
0.50177616
0.5513091
0.5975534
0.6328418
0.65369767
0.66036206
0.65369767
0.6328418
0.5975534
0.5513091
0.50177616
0.4482093
0.39220953
0.35332024
0.32121915
0.2895391
0.25222206
0.20460828
0.15493725
0.09697674
0.021722745
-0.079802744
-0.21344623
-0.36432147
-0.48306745
-0.5210195
  
-0.4971354
-0.46340197
-0.35176054
-0.19864053
-0.057251297
0.049849767
0.12774144
0.18793184
0.2437572
0.28806922
0.32290852
0.35485077
0.39220953
0.44561103
0.5263045
0.6065344
0.67271256
0.71718365
0.7374704
0.74253464
0.7428194
0.74253464
0.7374704
0.71718365
0.67271256
0.6065344
0.5263045
0.44561103
0.39220953
0.35485077
0.32290852
0.28806922
0.2437572
0.18793184
0.12774144
0.049849767
-0.057251297
-0.19864053
-0.35176054
-0.46340197
-0.4971354
  
-0.46095535
-0.43199348
-0.33099574
-0.1806725
-0.033378966
0.08006018
0.16231789
0.22809042
0.28557855
0.32794356
0.36284128
0.39833507
0.4482093
0.5263045
0.63564944
0.7243527
0.76650923
0.7652864
0.7360573
0.7030093
0.6888405
0.7030093
0.7360573
0.7652864
0.76650923
0.7243527
0.63564944
0.5263045
0.4482093
0.39833507
0.36284128
0.32794356
0.28557855
0.22809042
0.16231789
0.08006018
-0.033378966
-0.1806725
-0.33099574
-0.43199348
-0.46095535
  
-0.4259367
-0.40147308
-0.31204203
-0.16797091
-0.017126272
0.1022346
0.18934448
0.2612937
0.31665096
0.35760996
0.39256465
0.43441346
0.50177616
0.6065344
0.7243527
0.7788418
0.755008
0.668293
0.5511512
0.4544378
0.41779378
0.4544378
0.5511512
0.668293
0.755008
0.7788418
0.7243527
0.6065344
0.50177616
0.43441346
0.39256465
0.35760996
0.31665096
0.2612937
0.18934448
0.1022346
-0.017126272
-0.16797091
-0.31204203
-0.40147308
-0.4259367
  
-0.39581567
-0.37519023
-0.2965709
-0.16053207
-0.008530634
0.115685135
0.20775235
0.2832476
0.33657703
0.3757799
0.41213349
0.46299654
0.5513091
0.67271256
0.76650923
0.755008
0.62822866
0.41787022
0.20395368
0.057657704
0.0071545094
0.057657704
0.20395368
0.41787022
0.62822866
0.755008
0.76650923
0.67271256
0.5513091
0.46299654
0.41213349
0.3757799
0.33657703
0.2832476
0.20775235
0.115685135
-0.008530634
-0.16053207
-0.2965709
-0.37519023
-0.39581567
  
-0.3702178
-0.3525431
-0.2827136
-0.15438697
-0.002552224
0.12561607
0.22265258
0.2991213
0.3511237
0.38966978
0.42889977
0.49070743
0.5975534
0.71718365
0.7652864
0.668293
0.41787022
0.10716632
-0.14617048
-0.2961583
-0.3444403
-0.2961583
-0.14617048
0.10716632
0.41787022
0.668293
0.7652864
0.71718365
0.5975534
0.49070743
0.42889977
0.38966978
0.3511237
0.2991213
0.22265258
0.12561607
-0.002552224
-0.15438697
-0.2827136
-0.3525431
-0.3702178
  
-0.35086188
-0.33524543
-0.27177304
-0.14964196
0.0014394869
0.13252704
0.23353602
0.30986196
0.3612224
0.3998808
0.44225937
0.51452005
0.6328418
0.7374704
0.7360573
0.5511512
0.20395368
-0.14617048
-0.39153376
-0.5239221
-0.5646225
-0.5239221
-0.39153376
-0.14617048
0.20395368
0.5511512
0.7360573
0.7374704
0.6328418
0.51452005
0.44225937
0.3998808
0.3612224
0.30986196
0.23353602
0.13252704
0.0014394869
-0.14964196
-0.27177304
-0.33524543
-0.35086188
  
-0.33885267
-0.32444426
-0.26478535
-0.14661372
0.0037467857
0.13661669
0.24019703
0.31616038
0.36729303
0.40611637
0.45096144
0.53053904
0.65369767
0.74253464
0.7030093
0.4544378
0.057657704
-0.2961583
-0.5239221
-0.64052486
-0.6754668
-0.64052486
-0.5239221
-0.2961583
0.057657704
0.4544378
0.7030093
0.74253464
0.65369767
0.53053904
0.45096144
0.40611637
0.36729303
0.31616038
0.24019703
0.13661669
0.0037467857
-0.14661372
-0.26478535
-0.32444426
-0.33885267
  
-0.33478698
-0.3207761
-0.26238522
-0.14557014
0.0045039747
0.13798398
0.24238446
0.31831032
0.36924055
0.40820873
0.45401612
0.5361193
0.66036206
0.7428194
0.6888405
0.41779378
0.0071545094
-0.3444403
-0.5646225
-0.6754668
-0.7084015
-0.6754668
-0.5646225
-0.3444403
0.0071545094
0.41779378
0.6888405
0.7428194
0.66036206
0.5361193
0.45401612
0.40820873
0.36924055
0.31831032
0.24238446
0.13798398
0.0045039747
-0.14557014
-0.26238522
-0.3207761
-0.33478698
  
-0.33885267
-0.32444426
-0.26478535
-0.14661372
0.0037467857
0.13661669
0.24019703
0.31616038
0.36729303
0.40611637
0.45096144
0.53053904
0.65369767
0.74253464
0.7030093
0.4544378
0.057657704
-0.2961583
-0.5239221
-0.64052486
-0.6754668
-0.64052486
-0.5239221
-0.2961583
0.057657704
0.4544378
0.7030093
0.74253464
0.65369767
0.53053904
0.45096144
0.40611637
0.36729303
0.31616038
0.24019703
0.13661669
0.0037467857
-0.14661372
-0.26478535
-0.32444426
-0.33885267
  
-0.35086188
-0.33524543
-0.27177304
-0.14964196
0.0014394869
0.13252704
0.23353602
0.30986196
0.3612224
0.3998808
0.44225937
0.51452005
0.6328418
0.7374704
0.7360573
0.5511512
0.20395368
-0.14617048
-0.39153376
-0.5239221
-0.5646225
-0.5239221
-0.39153376
-0.14617048
0.20395368
0.5511512
0.7360573
0.7374704
0.6328418
0.51452005
0.44225937
0.3998808
0.3612224
0.30986196
0.23353602
0.13252704
0.0014394869
-0.14964196
-0.27177304
-0.33524543
-0.35086188
  
-0.3702178
-0.3525431
-0.2827136
-0.15438697
-0.002552224
0.12561607
0.22265258
0.2991213
0.3511237
0.38966978
0.42889977
0.49070743
0.5975534
0.71718365
0.7652864
0.668293
0.41787022
0.10716632
-0.14617048
-0.2961583
-0.3444403
-0.2961583
-0.14617048
0.10716632
0.41787022
0.668293
0.7652864
0.71718365
0.5975534
0.49070743
0.42889977
0.38966978
0.3511237
0.2991213
0.22265258
0.12561607
-0.002552224
-0.15438697
-0.2827136
-0.3525431
-0.3702178
  
-0.39581567
-0.37519023
-0.2965709
-0.16053207
-0.008530634
0.115685135
0.20775235
0.2832476
0.33657703
0.3757799
0.41213349
0.46299654
0.5513091
0.67271256
0.76650923
0.755008
0.62822866
0.41787022
0.20395368
0.057657704
0.0071545094
0.057657704
0.20395368
0.41787022
0.62822866
0.755008
0.76650923
0.67271256
0.5513091
0.46299654
0.41213349
0.3757799
0.33657703
0.2832476
0.20775235
0.115685135
-0.008530634
-0.16053207
-0.2965709
-0.37519023
-0.39581567
  
-0.4259367
-0.40147308
-0.31204203
-0.16797091
-0.017126272
0.1022346
0.18934448
0.2612937
0.31665096
0.35760996
0.39256465
0.43441346
0.50177616
0.6065344
0.7243527
0.7788418
0.755008
0.668293
0.5511512
0.4544378
0.41779378
0.4544378
0.5511512
0.668293
0.755008
0.7788418
0.7243527
0.6065344
0.50177616
0.43441346
0.39256465
0.35760996
0.31665096
0.2612937
0.18934448
0.1022346
-0.017126272
-0.16797091
-0.31204203
-0.40147308
-0.4259367
  
-0.46095535
-0.43199348
-0.33099574
-0.1806725
-0.033378966
0.08006018
0.16231789
0.22809042
0.28557855
0.32794356
0.36284128
0.39833507
0.4482093
0.5263045
0.63564944
0.7243527
0.76650923
0.7652864
0.7360573
0.7030093
0.6888405
0.7030093
0.7360573
0.7652864
0.76650923
0.7243527
0.63564944
0.5263045
0.4482093
0.39833507
0.36284128
0.32794356
0.28557855
0.22809042
0.16231789
0.08006018
-0.033378966
-0.1806725
-0.33099574
-0.43199348
-0.46095535
  
-0.4971354
-0.46340197
-0.35176054
-0.19864053
-0.057251297
0.049849767
0.12774144
0.18793184
0.2437572
0.28806922
0.32290852
0.35485077
0.39220953
0.44561103
0.5263045
0.6065344
0.67271256
0.71718365
0.7374704
0.74253464
0.7428194
0.74253464
0.7374704
0.71718365
0.67271256
0.6065344
0.5263045
0.44561103
0.39220953
0.35485077
0.32290852
0.28806922
0.2437572
0.18793184
0.12774144
0.049849767
-0.057251297
-0.19864053
-0.35176054
-0.46340197
-0.4971354
  
-0.5210195
-0.48306745
-0.36432147
-0.21344623
-0.079802744
0.021722745
0.09697674
0.15493725
0.20460828
0.25222206
0.2895391
0.32121915
0.35332024
0.39220953
0.4482093
0.50177616
0.5513091
0.5975534
0.6328418
0.65369767
0.66036206
0.65369767
0.6328418
0.5975534
0.5513091
0.50177616
0.4482093
0.39220953
0.35332024
0.32121915
0.2895391
0.25222206
0.20460828
0.15493725
0.09697674
0.021722745
-0.079802744
-0.21344623
-0.36432147
-0.48306745
-0.5210195
  
-0.52843344
-0.48858455
-0.37044728
-0.22884741
-0.105142206
-0.00887707
0.064761996
0.12236641
0.1696184
0.21438257
0.25574303
0.28958496
0.32121915
0.35485077
0.39833507
0.43441346
0.46299654
0.49070743
0.51452005
0.53053904
0.5361193
0.53053904
0.51452005
0.49070743
0.46299654
0.43441346
0.39833507
0.35485077
0.32121915
0.28958496
0.25574303
0.21438257
0.1696184
0.12236641
0.064761996
-0.00887707
-0.105142206
-0.22884741
-0.37044728
-0.48858455
-0.52843344
  
-0.5134554
-0.47642213
-0.37053528
-0.246102
-0.13460521
-0.043584183
0.02913317
0.08751111
0.1352963
0.17616881
0.21804573
0.25574303
0.2895391
0.32290852
0.36284128
0.39256465
0.41213349
0.42889977
0.44225937
0.45096144
0.45401612
0.45096144
0.44225937
0.42889977
0.41213349
0.39256465
0.36284128
0.32290852
0.2895391
0.25574303
0.21804573
0.17616881
0.1352963
0.08751111
0.02913317
-0.043584183
-0.13460521
-0.246102
-0.37053528
-0.47642213
-0.5134554
  
-0.4715955
-0.4440258
-0.3640466
-0.26490507
-0.16856048
-0.083607204
-0.011772551
0.04794808
0.09749502
0.13911846
0.17616881
0.21438257
0.25222206
0.28806922
0.32794356
0.35760996
0.3757799
0.38966978
0.3998808
0.40611637
0.40820873
0.40611637
0.3998808
0.38966978
0.3757799
0.35760996
0.32794356
0.28806922
0.25222206
0.21438257
0.17616881
0.13911846
0.09749502
0.04794808
-0.011772551
-0.083607204
-0.16856048
-0.26490507
-0.3640466
-0.4440258
-0.4715955
  
-0.40323216
-0.39072084
-0.3479144
-0.28188103
-0.20514701
-0.12868479
-0.0588032
0.002070742
0.053825825
0.09749502
0.1352963
0.1696184
0.20460828
0.2437572
0.28557855
0.31665096
0.33657703
0.3511237
0.3612224
0.36729303
0.36924055
0.36729303
0.3612224
0.3511237
0.33657703
0.31665096
0.28557855
0.2437572
0.20460828
0.1696184
0.1352963
0.09749502
0.053825825
0.002070742
-0.0588032
-0.12868479
-0.20514701
-0.28188103
-0.3479144
-0.39072084
-0.40323216
  
-0.31710595
-0.31988266
-0.31723872
-0.29056263
-0.23997012
-0.17688505
-0.111922756
-0.051379353
0.002070742
0.04794808
0.08751111
0.12236641
0.15493725
0.18793184
0.22809042
0.2612937
0.2832476
0.2991213
0.30986196
0.31616038
0.31831032
0.31616038
0.30986196
0.2991213
0.2832476
0.2612937
0.22809042
0.18793184
0.15493725
0.12236641
0.08751111
0.04794808
0.002070742
-0.051379353
-0.111922756
-0.17688505
-0.23997012
-0.29056263
-0.31723872
-0.31988266
-0.31710595
  
-0.22803876
-0.24020663
-0.26846293
-0.2819023
-0.2648441
-0.22289422
-0.16856259
-0.111922756
-0.0588032
-0.011772551
0.02913317
0.064761996
0.09697674
0.12774144
0.16231789
0.18934448
0.20775235
0.22265258
0.23353602
0.24019703
0.24238446
0.24019703
0.23353602
0.22265258
0.20775235
0.18934448
0.16231789
0.12774144
0.09697674
0.064761996
0.02913317
-0.011772551
-0.0588032
-0.111922756
-0.16856259
-0.22289422
-0.2648441
-0.2819023
-0.26846293
-0.24020663
-0.22803876
  
-0.14976914
-0.16396323
-0.20539068
-0.24908668
-0.26907656
-0.25760293
-0.22289422
-0.17688505
-0.12868479
-0.083607204
-0.043584183
-0.00887707
0.021722745
0.049849767
0.08006018
0.1022346
0.115685135
0.12561607
0.13252704
0.13661669
0.13798398
0.13661669
0.13252704
0.12561607
0.115685135
0.1022346
0.08006018
0.049849767
0.021722745
-0.00887707
-0.043584183
-0.083607204
-0.12868479
-0.17688505
-0.22289422
-0.25760293
-0.26907656
-0.24908668
-0.20539068
-0.16396323
-0.14976914
  
-0.0892159
-0.10107518
-0.14010449
-0.19506474
-0.24449272
-0.26907656
-0.2648441
-0.23997012
-0.20514701
-0.16856048
-0.13460521
-0.105142206
-0.079802744
-0.057251297
-0.033378966
-0.017126272
-0.008530634
-0.002552224
0.0014394869
0.0037467857
0.0045039747
0.0037467857
0.0014394869
-0.002552224
-0.008530634
-0.017126272
-0.033378966
-0.057251297
-0.079802744
-0.105142206
-0.13460521
-0.16856048
-0.20514701
-0.23997012
-0.2648441
-0.26907656
-0.24449272
-0.19506474
-0.14010449
-0.10107518
-0.0892159
  
-0.046816334
-0.055343617
-0.08528876
-0.13482347
-0.19506474
-0.24908668
-0.2819023
-0.29056263
-0.28188103
-0.26490507
-0.246102
-0.22884741
-0.21344623
-0.19864053
-0.1806725
-0.16797091
-0.16053207
-0.15438697
-0.14964196
-0.14661372
-0.14557014
-0.14661372
-0.14964196
-0.15438697
-0.16053207
-0.16797091
-0.1806725
-0.19864053
-0.21344623
-0.22884741
-0.246102
-0.26490507
-0.28188103
-0.29056263
-0.2819023
-0.24908668
-0.19506474
-0.13482347
-0.08528876
-0.055343617
-0.046816334
  
-0.019881496
-0.025768341
-0.047072403
-0.08528876
-0.14010449
-0.20539068
-0.26846293
-0.31723872
-0.3479144
-0.3640466
-0.37053528
-0.37044728
-0.36432147
-0.35176054
-0.33099574
-0.31204203
-0.2965709
-0.2827136
-0.27177304
-0.26478535
-0.26238522
-0.26478535
-0.27177304
-0.2827136
-0.2965709
-0.31204203
-0.33099574
-0.35176054
-0.36432147
-0.37044728
-0.37053528
-0.3640466
-0.3479144
-0.31723872
-0.26846293
-0.20539068
-0.14010449
-0.08528876
-0.047072403
-0.025768341
-0.019881496
  
-0.0054344092
-0.009800252
-0.025768341
-0.055343617
-0.10107518
-0.16396323
-0.24020663
-0.31988266
-0.39072084
-0.4440258
-0.47642213
-0.48858455
-0.48306745
-0.46340197
-0.43199348
-0.40147308
-0.37519023
-0.3525431
-0.33524543
-0.32444426
-0.3207761
-0.32444426
-0.33524543
-0.3525431
-0.37519023
-0.40147308
-0.43199348
-0.46340197
-0.48306745
-0.48858455
-0.47642213
-0.4440258
-0.39072084
-0.31988266
-0.24020663
-0.16396323
-0.10107518
-0.055343617
-0.025768341
-0.009800252
-0.0054344092
  
-0.0014918816
-0.0054344092
-0.019881496
-0.046816334
-0.0892159
-0.14976914
-0.22803876
-0.31710595
-0.40323216
-0.4715955
-0.5134554
-0.52843344
-0.5210195
-0.4971354
-0.46095535
-0.4259367
-0.39581567
-0.3702178
-0.35086188
-0.33885267
-0.33478698
-0.33885267
-0.35086188
-0.3702178
-0.39581567
-0.4259367
-0.46095535
-0.4971354
-0.5210195
-0.52843344
-0.5134554
-0.4715955
-0.40323216
-0.31710595
-0.22803876
-0.14976914
-0.0892159
-0.046816334
-0.019881496
-0.0054344092
-0.0014918816
  
