1	  -0.002
2	  -0.002
3	   0.000
4	   0.003
5	   0.008
6	   0.015
7	   0.023
8	   0.033
9	   0.045
10	   0.058
11	   0.073
12	   0.090
13	   0.108
14	   0.128
15	   0.150
16	   0.173
17	   0.198
18	   0.224
19	   0.252
20	   0.282
21	   0.314
22	   0.347
23	   0.382
24	   0.419
25	   0.457
26	   0.497
27	   0.538
28	   0.581
29	   0.626
30	   0.673
31	   0.721
32	   0.771
33	   0.822
34	   0.875
35	   0.930
36	   0.987
37	   1.045
38	   1.105
39	   1.166
40	   1.229
41	   1.294
42	   1.360
43	   1.429
44	   1.498
45	   1.570
46	   1.643
47	   1.718
48	   1.794
49	   1.872
50	   1.952
51	   2.033
52	   2.116
53	   2.201
54	   2.287
55	   2.375
56	   2.465
57	   2.556
58	   2.650
59	   2.744
60	   2.841
61	   2.939
62	   3.038
63	   3.140
64	   3.243
65	   3.347
66	   3.453
67	   3.561
68	   3.671
69	   3.782
70	   3.895
71	   4.010
72	   4.126
73	   4.244
74	   4.364
75	   4.485
76	   4.608
77	   4.733
78	   4.859
79	   4.987
80	   5.116
81	   5.248
82	   5.380
83	   5.515
84	   5.651
85	   5.789
86	   5.929
87	   6.070
88	   6.213
89	   6.357
90	   6.503
91	   6.651
92	   6.801
93	   6.952
94	   7.105
95	   7.259
96	   7.415
97	   7.573
98	   7.733
99	   7.894
100	   8.056
101	   8.221
102	   8.387
103	   8.555
104	   8.724
105	   8.895
106	   9.068
107	   9.243
108	   9.419
109	   9.596
110	   9.776
111	   9.957
112	  10.140
113	  10.324
114	  10.510
115	  10.698
116	  10.887
117	  11.078
118	  11.271
119	  11.465
120	  11.661
121	  11.859
122	  12.058
123	  12.259
124	  12.462
125	  12.666
126	  12.872
127	  13.080
128	  13.289
129	  13.500
130	  13.713
131	  13.927
132	  14.143
133	  14.360
134	  14.580
135	  14.801
136	  15.023
137	  15.248
138	  15.473
139	  15.701
140	  15.930
141	  16.161
142	  16.394
143	  16.628
144	  16.864
145	  17.101
146	  17.341
147	  17.581
148	  17.824
149	  18.068
150	  18.314
151	  18.561
152	  18.811
153	  19.061
154	  19.314
155	  19.568
156	  19.824
157	  20.081
158	  20.341
159	  20.601
160	  20.864
161	  21.128
162	  21.394
163	  21.661
164	  21.930
165	  22.201
166	  22.473
167	  22.748
168	  23.023
169	  23.301
170	  23.580
171	  23.860
172	  24.143
173	  24.427
174	  24.713
175	  25.000
176	  25.289
177	  25.580
178	  25.872
179	  26.166
180	  26.462
181	  26.759
182	  27.058
183	  27.359
184	  27.661
185	  27.965
186	  28.271
187	  28.578
188	  28.887
189	  29.198
190	  29.510
191	  29.824
192	  30.140
193	  30.457
194	  30.776
195	  31.096
196	  31.419
197	  31.743
198	  32.068
199	  32.395
200	  32.724
201	  33.055
202	  33.387
203	  33.721
204	  34.056
205	  34.394
206	  34.733
207	  35.073
208	  35.415
209	  35.759
210	  36.105
211	  36.452
212	  36.801
213	  37.151
214	  37.503
215	  37.857
216	  38.213
217	  38.570
218	  38.929
219	  39.289
220	  39.651
221	  40.015
222	  40.380
223	  40.748
224	  41.116
225	  41.487
226	  41.859
227	  42.233
228	  42.608
229	  42.985
230	  43.364
231	  43.744
232	  44.126
233	  44.510
234	  44.895
235	  45.282
236	  45.671
237	  46.061
238	  46.453
239	  46.847
240	  47.243
241	  47.640
242	  48.038
243	  48.439
244	  48.841
245	  49.244
246	  49.650
247	  50.056
248	  50.465
249	  50.875
250	  51.287
251	  51.701
252	  52.116
253	  52.533
254	  52.952
255	  53.372
256	  53.794
257	  54.218
258	  54.643
259	  55.070
260	  55.498
261	  55.929
262	  56.360
263	  56.794
264	  57.229
265	  57.666
266	  58.105
267	  58.545
268	  58.987
269	  59.430
270	  59.875
271	  60.322
272	  60.771
273	  61.221
274	  61.673
275	  62.126
276	  62.581
277	  63.038
278	  63.497
279	  63.957
280	  64.419
281	  64.882
282	  65.347
283	  65.814
284	  66.282
285	  66.752
286	  67.224
287	  67.698
288	  68.173
289	  68.650
290	  69.128
291	  69.608
292	  70.090
293	  70.573
294	  71.058
295	  71.545
296	  72.033
297	  72.523
298	  73.015
299	  73.508
300	  74.003
301	  74.500
302	  74.998
303	  75.498
304	  76.000
305	  76.503
306	  77.008
307	  77.515
308	  78.023
309	  78.533
310	  79.045
311	  79.558
312	  80.073
313	  80.590
314	  81.108
315	  81.628
316	  82.150
317	  82.673
318	  83.198
319	  83.724
320	  84.252
321	  84.782
322	  85.314
323	  85.847
324	  86.382
325	  86.919
326	  87.457
327	  87.997
328	  88.538
329	  89.081
330	  89.626
331	  90.173
332	  90.721
333	  91.271
334	  91.822
335	  92.375
336	  92.930
337	  93.487
338	  94.045
339	  94.605
340	  95.166
341	  95.729
342	  96.294
343	  96.860
344	  97.429
345	  97.998
346	  98.570
347	  99.143
348	  99.718
349	 100.294
350	 100.872
351	 101.452
352	 102.033
353	 102.616
354	 103.201
355	 103.787
356	 104.375
357	 104.965
358	 105.556
359	 106.150
360	 106.744
361	 107.341
362	 107.939
363	 108.538
364	 109.140
365	 109.743
366	 110.347
367	 110.953
368	 111.561
369	 112.171
370	 112.782
371	 113.395
372	 114.010
373	 114.626
374	 115.244
375	 115.864
376	 116.485
377	 117.108
378	 117.733
379	 118.359
380	 118.987
381	 119.616
382	 120.248
383	 120.880
384	 121.515
385	 122.151
386	 122.789
387	 123.429
388	 124.070
389	 124.713
390	 125.357
391	 126.003
392	 126.651
393	 127.301
394	 127.952
395	 128.605
396	 129.259
397	 129.915
398	 130.573
399	 131.233
400	 131.894
401	 132.556
402	 133.221
403	 133.887
404	 134.555
405	 135.224
406	 135.895
407	 136.568
408	 137.243
409	 137.919
410	 138.596
411	 139.276
412	 139.957
413	 140.640
414	 141.324
415	 142.010
416	 142.698
417	 143.387
418	 144.078
419	 144.771
420	 145.465
421	 146.161
422	 146.859
423	 147.558
424	 148.259
425	 148.962
426	 149.666
427	 150.372
428	 151.080
429	 151.789
430	 152.500
431	 153.213
432	 153.927
433	 154.643
434	 155.360
435	 156.080
436	 156.801
437	 157.523
438	 158.248
439	 158.973
440	 159.701
441	 160.430
442	 161.161
443	 161.894
444	 162.628
445	 163.364
446	 164.101
447	 164.841
448	 165.581
449	 166.324
450	 167.068
451	 167.814
452	 168.561
453	 169.311
454	 170.061
455	 170.814
456	 171.568
457	 172.324
458	 173.081
459	 173.841
460	 174.601
461	 175.364
462	 176.128
463	 176.894
464	 177.661
465	 178.430
466	 179.201
467	 179.973
468	 180.748
469	 181.523
470	 182.301
471	 183.080
472	 183.860
473	 184.643
474	 185.427
475	 186.213
476	 187.000
477	 187.789
478	 188.580
479	 189.372
480	 190.166
481	 190.962
482	 191.759
483	 192.558
484	 193.359
485	 194.161
486	 194.965
487	 195.771
488	 196.578
489	 197.387
490	 198.198
491	 199.010
492	 199.824
493	 200.640
494	 201.457
495	 202.276
496	 203.096
497	 203.919
498	 204.743
499	 205.568
500	 206.395
501	 207.224
502	 208.055
503	 208.887
504	 209.721
505	 210.556
506	 211.394
507	 212.233
508	 213.073
509	 213.915
510	 214.759
511	 215.605
512	 216.452
513	 217.301
514	 218.151
515	 219.003
516	 219.857
517	 220.713
518	 221.570
519	 222.429
520	 223.289
521	 224.151
522	 225.015
523	 225.880
524	 226.748
525	 227.616
526	 228.487
527	 229.359
528	 230.233
529	 231.108
530	 231.985
531	 232.864
532	 233.744
533	 234.626
534	 235.510
535	 236.395
536	 237.282
537	 238.171
538	 239.061
539	 239.953
540	 240.847
541	 241.743
542	 242.640
543	 243.538
544	 244.439
545	 245.341
546	 246.244
547	 247.150
548	 248.056
549	 248.965
550	 249.875
551	 250.787
552	 251.701
553	 252.616
554	 253.533
555	 254.452
556	 255.372
557	 256.294
558	 257.218
559	 258.143
560	 259.070
561	 259.998
562	 260.929
563	 261.860
564	 262.794
565	 263.729
566	 264.666
567	 265.605
568	 266.545
569	 267.487
570	 268.430
571	 269.375
572	 270.322
573	 271.271
574	 272.221
575	 273.173
576	 274.126
577	 275.081
578	 276.038
579	 276.997
580	 277.957
581	 278.919
582	 279.882
583	 280.847
584	 281.814
585	 282.782
586	 283.752
587	 284.724
588	 285.698
589	 286.673
590	 287.650
591	 288.628
592	 289.608
593	 290.590
594	 291.573
595	 292.558
596	 293.545
597	 294.533
598	 295.523
599	 296.515
600	 297.508
601	 298.503
602	 299.500
603	 300.498
604	 301.498
605	 302.500
606	 303.503
607	 304.508
608	 305.515
609	 306.523
610	 307.533
611	 308.545
612	 309.558
613	 310.573
614	 311.590
615	 312.608
616	 313.628
617	 314.650
618	 315.673
619	 316.698
620	 317.724
621	 318.752
622	 319.782
623	 320.814
624	 321.847
625	 322.882
626	 323.919
627	 324.957
628	 325.997
629	 327.038
630	 328.081
631	 329.126
632	 330.173
633	 331.221
634	 332.271
635	 333.322
636	 334.375
637	 335.430
638	 336.487
639	 337.545
640	 338.605
641	 339.666
642	 340.729
643	 341.794
644	 342.860
645	 343.929
646	 344.998
647	 346.070
648	 347.143
649	 348.218
650	 349.294
651	 350.372
652	 351.452
653	 352.533
654	 353.616
655	 354.701
656	 355.787
657	 356.875
658	 357.965
659	 359.056
660	 360.150
661	 361.244
662	 362.341
663	 363.439
664	 364.538
665	 365.640
666	 366.743
667	 367.847
668	 368.953
669	 370.061
670	 371.171
671	 372.282
672	 373.395
673	 374.510
674	 375.626
675	 376.744
676	 377.864
677	 378.985
678	 380.108
679	 381.233
680	 382.359
681	 383.487
682	 384.616
683	 385.748
684	 386.880
685	 388.015
686	 389.151
687	 390.289
688	 391.429
689	 392.570
690	 393.713
691	 394.857
692	 396.003
693	 397.151
694	 398.301
695	 399.452
696	 400.605
697	 401.759
698	 402.915
699	 404.073
700	 405.233
701	 406.394
702	 407.556
703	 408.721
704	 409.887
705	 411.055
706	 412.224
707	 413.395
708	 414.568
709	 415.743
710	 416.919
711	 418.096
712	 419.276
713	 420.457
714	 421.640
715	 422.824
716	 424.010
717	 425.198
718	 426.387
719	 427.578
720	 428.771
721	 429.965
722	 431.161
723	 432.359
724	 433.558
725	 434.759
726	 435.962
727	 437.166
728	 438.372
729	 439.580
730	 440.789
731	 442.000
732	 443.213
733	 444.427
734	 445.643
735	 446.860
736	 448.080
737	 449.301
738	 450.523
739	 451.748
740	 452.973
741	 454.201
742	 455.430
743	 456.661
744	 457.894
745	 459.128
746	 460.364
747	 461.601
748	 462.841
749	 464.081
750	 465.324
751	 466.568
752	 467.814
753	 469.061
754	 470.311
755	 471.561
756	 472.814
757	 474.068
758	 475.324
759	 476.581
760	 477.841
761	 479.101
762	 480.364
763	 481.628
764	 482.894
765	 484.161
766	 485.430
767	 486.701
768	 487.973
769	 489.248
770	 490.523
771	 491.801
772	 493.080
773	 494.360
774	 495.643
775	 496.927
776	 498.213
777	 499.500
778	 500.789
779	 502.080
780	 503.372
781	 504.666
782	 505.962
783	 507.259
784	 508.558
785	 509.859
786	 511.161
787	 512.465
788	 513.771
789	 515.078
790	 516.387
791	 517.698
792	 519.010
793	 520.324
794	 521.640
795	 522.957
796	 524.276
797	 525.596
798	 526.919
799	 528.243
800	 529.568
801	 530.895
802	 532.224
803	 533.555
804	 534.887
805	 536.221
806	 537.556
807	 538.894
808	 540.233
809	 541.573
810	 542.915
811	 544.259
812	 545.605
813	 546.952
814	 548.301
815	 549.651
816	 551.003
817	 552.357
818	 553.713
819	 555.070
820	 556.429
821	 557.789
822	 559.151
823	 560.515
824	 561.880
825	 563.248
826	 564.616
827	 565.987
828	 567.359
829	 568.733
830	 570.108
831	 571.485
832	 572.864
833	 574.244
834	 575.626
835	 577.010
836	 578.395
837	 579.782
838	 581.171
839	 582.561
840	 583.953
841	 585.347
842	 586.743
843	 588.140
844	 589.538
845	 590.939
846	 592.341
847	 593.744
848	 595.150
849	 596.556
850	 597.965
851	 599.375
852	 600.787
853	 602.201
854	 603.616
855	 605.033
856	 606.452
857	 607.872
858	 609.294
859	 610.718
860	 612.143
861	 613.570
862	 614.998
863	 616.429
864	 617.860
865	 619.294
866	 620.729
867	 622.166
868	 623.605
869	 625.045
870	 626.487
871	 627.930
872	 629.375
873	 630.822
874	 632.271
875	 633.721
876	 635.173
877	 636.626
878	 638.081
879	 639.538
880	 640.997
881	 642.457
882	 643.919
883	 645.382
884	 646.847
885	 648.314
886	 649.782
887	 651.252
888	 652.724
889	 654.198
890	 655.673
891	 657.150
892	 658.628
893	 660.108
894	 661.590
895	 663.073
896	 664.558
897	 666.045
898	 667.533
899	 669.023
900	 670.515
901	 672.008
902	 673.503
903	 675.000
904	 676.498
905	 677.998
906	 679.500
907	 681.003
908	 682.508
909	 684.015
910	 685.523
911	 687.033
912	 688.545
913	 690.058
914	 691.573
915	 693.090
916	 694.608
917	 696.128
918	 697.650
919	 699.173
920	 700.698
921	 702.224
922	 703.752
923	 705.282
924	 706.814
925	 708.347
926	 709.882
927	 711.419
928	 712.957
929	 714.497
930	 716.038
931	 717.581
932	 719.126
933	 720.673
934	 722.221
935	 723.771
936	 725.322
937	 726.875
938	 728.430
939	 729.987
940	 731.545
941	 733.105
942	 734.666
943	 736.229
944	 737.794
945	 739.360
946	 740.929
947	 742.498
948	 744.070
949	 745.643
950	 747.218
951	 748.794
952	 750.372
953	 751.952
954	 753.533
955	 755.116
956	 756.701
957	 758.287
958	 759.875
959	 761.465
960	 763.056
961	 764.650
962	 766.244
963	 767.841
964	 769.439
965	 771.038
966	 772.640
967	 774.243
968	 775.847
969	 777.453
970	 779.061
971	 780.671
972	 782.282
973	 783.895
974	 785.510
975	 787.126
976	 788.744
977	 790.364
978	 791.985
979	 793.608
980	 795.233
981	 796.859
982	 798.487
983	 800.116
984	 801.748
985	 803.380
986	 805.015
987	 806.651
988	 808.289
989	 809.929
990	 811.570
991	 813.213
992	 814.857
993	 816.503
994	 818.151
995	 819.801
996	 821.452
997	 823.105
998	 824.759
999	 826.415
1000	 828.073
1001	 829.733
1002	 831.394
1003	 833.056
1004	 834.721
1005	 836.387
1006	 838.055
1007	 839.724
1008	 841.395
1009	 843.068
1010	 844.743
1011	 846.419
1012	 848.096
1013	 849.776
1014	 851.457
1015	 853.140
1016	 854.824
1017	 856.510
1018	 858.198
1019	 859.887
1020	 861.578
1021	 863.271
1022	 864.965
1023	 866.661
1024	 868.359
