100.0
0.0
0.0
0.0
0.0
0.0
0.0
0.0
0.0
0.0
0.0
0.0
0.0
0.0
0.0
0.0
0.0
0.0
0.0
0.0
0.0
0.0
0.0
0.0
0.0
0.0
0.0
0.0
0.0
0.0
0.0
0.0
0.0
0.0
0.0
0.0
0.0
0.0
0.0
0.0
0.0
0.0
0.0
0.0
0.0
0.0
0.0
0.0
0.0
0.0

100.0
49.87020813773615
29.488082919209706
20.222518018802415
15.150769222467304
11.972077599069088
9.787789843418798
8.187210239023806
6.958446004783426
5.981735280078616
5.184490496102583
4.520227485439619
3.957820812381548
3.4756403909513454
3.0581696113113046
2.6939631505427646
2.374365434322871
2.0926798904283954
1.8436153750087336
1.6229085390684816
1.4270610160633121
1.2531533757032105
1.0987114902520796
0.9616093395907301
0.8399975433516076
0.7322502927779181
0.6369255801155351
0.5527351164886085
0.4785213503303309
0.41323970918623887
0.3559446905625443
0.30577878861278207
0.2619635062749929
0.22379189596392438
0.1906222157222893
0.1618723953542341
0.13701508795001668
0.11557314307751519
0.09711538361741806
0.08125260232683608
0.06763371940767365
0.05594206067431423
0.04589172894597392
0.0372240502826815
0.02970408263817782
0.023117178221572707
0.017265592991783797
0.011965137778432389
0.007041865948399829
0.002328792646126762

100.0
69.99429048390503
49.48390722813399
36.73240650549963
28.561061216246966
23.00957141841248
19.0217470573544
16.02156278201028
13.67950399730356
11.796955592187764
10.248312675660078
8.950733396033758
7.847553155451441
6.898761280912539
6.0753009768423905
5.355530327566072
4.722953536116526
4.164725396617603
3.670641370255458
3.2324412011219534
2.8433200147694975
2.4975797319706494
2.190377199947531
1.9175401017598859
1.675431039566928
1.4608462640951418
1.2709395596871755
1.1031645279796396
0.9552303977530838
0.8250678095316818
0.7108019640790614
0.6107312032280079
0.5233095883629583
0.44713240933204756
0.38092383073407887
0.32352608841889496
0.27388980424174647
0.23106510418574386
0.19419331303898635
0.16249906463471042
0.13528271531710798
0.11191298367962471
0.09181976477577453
0.074487084330745
0.059446169913254646
0.04626862311895985
0.034559680832101175
0.02395155559230514
0.014096845816008573
0.004662006747682279

100.0
79.00435615271272
61.72591481779332
48.848662204299245
39.47134567797926
32.5514513830465
27.310291726389593
23.228154597904375
19.966113455156975
17.30106864212469
15.083016837545154
13.208571257630096
11.604670046387474
10.218427190452086
9.010683300649882
7.9518164344316835
7.018961193960802
6.194124636601031
5.462885814208285
4.813483079377566
4.23616404371244
3.7227166027674032
3.2661267720211047
2.860326578815677
2.500006676951381
2.1804759424013422
1.8975554437478457
1.6474977130439847
1.426924711441501
1.232779635656661
1.062288972162969
0.91293212542028
0.7824166247867447
0.6686574202415662
0.5697591567208944
0.48400060363947345
0.4098206333897948
0.3458053071143341
0.29067575017594255
0.24327659271216165
0.20256481944196325
0.16759892290197542
0.13752828977068338
0.11158277428023032
0.08906242864847336
0.06932737020958886
0.05178777028956483
0.03589395233326066
0.02112658752308252
0.006986976063736119

100.0
83.82411710581665
69.39476121924177
57.47541678085028
47.97576153496003
40.46384391856891
34.48097616110486
29.65007360351172
25.688081888028467
22.389222661435074
19.604789793740856
17.2266406474712
15.17516739250119
13.390886524482141
11.828629013615444
10.453522407103739
9.238191745649667
8.160789884554873
7.20359623318887
6.352009043127557
5.593813307735987
4.918643928374639
4.317588761735786
3.7828928871270717
3.307736765027738
2.8860687323243077
2.5124776817642998
2.182095576541763
1.8905221638567173
1.6337662112175577
1.4081990225089125
1.2105170508424394
1.0377112170728648
0.8870411394518636
0.7560129323001962
0.6423595760908571
0.5440231240814685
0.45913821071023125
0.38601647856233284
0.32313165454224224
0.26910509019560036
0.22269164236265326
0.1827658136417007
0.1483081016295455
0.11839152495362958
0.09216830547786914
0.06885669201738986
0.04772791328835928
0.028093248142820774
0.009291200574115997

100.0
86.75525262687901
74.45258047838658
63.65792252703605
54.50989101151644
46.87987160985985
40.53636454406902
35.240433420694146
30.784457573510966
27.000879234148634
23.758818015731883
20.95726849354503
18.518353083785758
16.381702582611794
14.500093990776186
12.83616916396688
11.35999930051543
10.047284758427043
8.878023593160902
7.835523691825106
6.905666706051577
6.076357045055435
5.337107474726021
4.678726038444439
4.0930784669821545
3.57290704038608
3.1116917758644944
2.7035433906487123
2.3431201132057407
2.0255623602335984
1.7464407500724461
1.5017140188442863
1.287694238123449
1.1010173694570333
0.9386176799179593
0.7977049191810772
0.6757434481707556
0.5704327313752724
0.47968877402467697
0.4016262126955579
0.334540862314885
0.2768925909703593
0.22728844203873522
0.18446595553103123
0.1472766610326961
0.11466972634528085
0.0856757515313826
0.05939069968250641
0.03495995512126098
0.01156249830284467

100.0
88.69727747843191
77.95727953162378
68.17743074055926
59.53582134971445
52.03525611162856
45.57861034941385
40.02991064893422
35.25038595188677
31.115077724491716
27.518105169431955
24.372448941119472
21.60758479918207
19.16659816199818
17.003473294040095
15.080791859044162
13.367872643140812
11.839306179849073
10.473816284300986
9.253381916131215
8.16256216975669
7.187978065360484
6.317914715178061
5.542015650405737
4.851047606165679
4.2367191125777355
3.691540115899685
3.2087128171023536
2.7820461819517868
2.405888315471616
2.0750722330477513
1.7848715968324014
1.5309637913802605
1.3093983401186966
1.1165691542702922
0.9491894882286143
0.8042687728998845
0.6790907286312519
0.5711923356414912
0.4783433730891717
0.3985263366725848
0.32991661597233135
0.27086286241193236
0.21986751155135556
0.17556744349385783
0.13671477588532333
0.10215778817567814
0.07082197587137042
0.04169123138217072
0.013789145305348152

100.0
90.06167945496203
80.4864625175876
71.55601138874039
63.43376431887154
56.17281830915242
49.74831508717443
44.09205806700176
39.118547093984766
34.740856338942294
30.878699772533032
27.461588978140025
24.429313654173534
21.73115439686255
19.32461848687212
17.17410049691196
15.249649222491103
13.525906824345425
11.98122983196838
10.59697705256649
9.356940779412279
8.246896586730283
7.254249109781906
6.367754411439293
5.57730284579778
4.873749335850979
4.248780554328745
3.6948106289060814
3.2048987303241017
2.772683304636227
2.392328837914758
2.058481945289593
1.7662342994175586
1.5110904914360042
1.2889393781233964
1.096027834627059
0.9289361204602096
0.7845542917507559
0.6600592664828364
0.5528922811782747
0.4607365749871783
0.3814952071089187
0.3132689614600673
0.2543343233403253
0.20312153063080948
0.15819271030912452
0.11822011277626455
0.08196445418027445
0.04825337267062294
0.01595999999337476

100.0
91.06106469537025
82.3710661298403
74.13471530939
66.48959237081539
59.50368059936905
53.18842336659674
47.51720785923749
42.44222543464214
37.906861144720665
33.85351975945739
30.22792051017864
26.98104433779227
24.069683571166273
21.456242855530164
19.108192279183186
16.997401830970638
15.099478136070571
13.393160650215034
11.859798943015711
10.482914040223136
9.247837800802275
8.141420623955966
7.151796888555114
6.268198003534774
5.480804019118876
4.7806260089271575
4.159412679809039
3.609575807902937
3.1241301022243246
2.696643956402177
2.3211982738316226
1.9923511556040143
1.7051067394389596
1.4548868861261208
1.2375047409198454
1.0491394625555577
0.8863116222001247
0.7458589375025599
0.6249121306320766
0.5208707904725578
0.43137918386662316
0.3543020041490233
0.2877000717442297
0.22980601534160328
0.17899996661259007
0.1337852996346475
0.09276444072447616
0.05461476741727045
0.018064608602426965

100.0
91.81582158896094
83.81095474825023
76.13850884558742
68.91156115534578
62.19848041615815
56.02756614800845
50.396540143142815
45.28285997050965
40.65249919052612
36.4663832685655
32.68459411415599
29.26882862459682
26.183644048740206
23.39693239771516
20.879944093247595
18.607073447467787
16.55553808858877
14.705029507052394
13.037376607482658
11.536242537146025
10.186862400646751
8.975822429778098
7.890877548186888
6.920802648289779
6.055272415370244
5.284764667804596
4.600482624085801
3.994292078658691
3.4586700698825297
2.986662201322796
2.5718463055623446
2.208300606664473
1.8905749407011083
1.6136639353510334
1.3729813337836092
1.1643348802522855
0.9839013707859066
0.8282016178463696
0.6940751883910553
0.5786548557211846
0.47934076175698714
0.3937743225355009
0.31981192997416424
0.2554985110896455
0.1990410053152775
0.1487818143278561
0.10317226947475905
0.06074615167643444
0.020093289349984923

100.0
92.3990705738272
84.93279611080357
77.71898416185309
70.85048658826447
64.39072276342202
58.374756522049
52.81397273527263
47.70216802391487
43.0214472420712
38.74708597722688
34.851119961898014
31.30476600403208
28.079917329496887
25.149972828175386
22.490221247332403
20.077947674055082
17.892379638340444
15.914550429894694
14.127128310950184
12.514240463065965
11.061307470928949
9.754895908342334
8.582591591801188
7.5328931844839175
6.595124298618191
5.759361544776923
5.016375779296114
4.357583892435763
3.7750087258627314
3.2612450253419962
2.809429672671847
2.413214770097366
2.0667424539470596
1.7646205835060584
1.5018986827179692
1.274043705914109
1.0769153560618707
0.9067408078242253
0.7600887815135455
0.6338429816236246
0.5251749589680814
0.43151648243878815
0.35053151877745525
0.28008792005671757
0.21822891204210493
0.16314446517662623
0.11314261616248783
0.06662079419782213
0.022037193653953284

100.0
92.85772947845373
85.82029745756019
78.98082263070953
72.41623196095846
66.1835560109412
60.31957461496612
54.84296748081607
49.757810466164706
45.05740335321861
40.727764275246656
36.750473466926934
33.10479860215021
29.7691736518405
26.722159524113827
23.943021051787746
21.412037264576945
19.11063655923033
17.02142373821848
15.128145331056917
13.415623877624565
11.869680474428739
10.477057000537991
9.22534417334538
8.102918192930549
7.098886642650757
6.203043100539903
5.405829281589932
4.698303267495739
4.072112346683987
3.5194690886165727
3.033129449705007
2.60637191279117
2.2329768719466765
1.907205673216552
1.6237789005206924
1.377853649405235
1.1649996579328596
0.9811742639815256
0.8226962331908554
0.6862185542132294
0.5687003307584881
0.4673779163889965
0.3797354414195649
0.3034748748323203
0.23648575088910959
0.17681467292582417
0.12263468815234876
0.0722146093202283
0.023888343642461052

100.0
93.2232538820265
86.53078275283661
79.99807373827944
73.68971994743814
67.65649857791857
61.93450999300172
56.54602259278032
51.50141440743616
46.80159568776181
42.440439469061594
38.40693319913254
34.68692582168835
31.264455189825306
28.12270182767148
25.244639799826974
22.613457973567435
20.212816326634886
18.026989293788183
16.04093538707455
14.2403212597672
12.611519565565814
11.141593322557208
9.818274698128793
8.629942797002768
7.565602798588153
6.614867351930329
5.767940262507354
5.015602019231399
4.349196483849062
3.7606180065039094
3.242298275682443
2.7871923130951313
2.388763153535428
2.0409648859409337
1.7382238615804861
1.4754179905260174
1.2478541440323005
1.0512437564256025
0.8816767756838509
0.7355941483978219
0.609759044364504
0.5012270313001398
0.4073154039425344
0.3255718570798912
0.2537426716664013
0.18974055985684904
0.13161229095159083
0.07750619801219798
0.02563964605120346

100.0
93.51749733950496
87.10470975335973
80.82429492213149
74.73133102889591
68.87104375637634
63.277830163710064
57.97544092390731
52.97800290559107
48.29151522459342
43.91549954885443
39.84457854093453
36.069853213608745
32.58002770509238
29.362281745478455
26.40291958205211
23.687835689657817
21.20283863477114
18.933869998054444
16.867148621976522
14.989263575188904
13.28723307839265
11.748541582201693
10.361163261480147
9.11357727208917
7.994778028309433
6.994282322231928
6.102134160028783
5.308907602047013
4.60570755984667
3.9841683439125037
3.4364497112714236
2.955230189063097
2.5336975169515172
2.1655361361743215
1.8449117410515619
1.5664529901826871
1.325230543477581
1.1167336445561278
0.9368445049273266
0.7818107672007746
0.6482163308739026
0.5329508181165699
0.4331779409628192
0.34630300811243325
0.2699397818454368
0.20187686594574494
0.14004377638556462
0.08247681992164091
0.027284883437672894

100.0
93.75609111938113
87.57136583850725
81.49899461955769
75.58670541777043
69.8750124569753
64.39628075923382
59.17458268969763
54.22618205007111
49.56042923987557
45.18085809971687
41.08631785264477
37.27202855107541
33.73049932786344
30.452287696160177
27.42660363498577
24.641776200017098
22.085606088295933
19.745628028941773
17.609304471225506
15.664168437150346
13.897929595080118
12.298554125063689
10.85432601420139
9.553895093027528
8.386315359839337
7.341075857116726
6.408125470018149
5.577892423604175
4.841298886683316
4.189770883213688
3.6152436172097824
3.1101622956786934
2.6674785573640234
2.2806426618567768
1.9435916489221516
1.6507337314632302
1.3969292308685055
1.1774683968572082
0.9880464737439032
0.8247363812423529
0.6839593715736231
0.5624540075393663
0.4572437806387071
0.36560365675783163
0.2850258020200511
0.21318470554922775
0.1479018814846892
0.087110301637324
0.028818684411222435

100.0
93.95048510315782
87.95240448939168
82.05181784606367
76.29075650242379
70.70582954603869
65.32738175808153
60.17919980903842
55.278683366000834
50.63735419162356
46.26156806222036
42.153311270966945
38.31099297812822
34.73017627255778
31.404218076790915
28.324808274755746
25.482411556460224
22.86662268212836
20.46644881118713
18.270532754412507
16.26732969793678
14.445247959211326
12.792762198619863
11.298505524246227
9.951345231587313
8.740445557285309
7.655319783716239
6.685873270002366
5.822438455319205
5.055802532611254
4.377228280024007
3.7784684251688665
3.251773872492947
2.7898961219012675
2.386084228607511
2.034076686166012
1.7280886470448689
1.462794921516459
1.2333092122510272
1.0351600470035087
0.8642638649111389
0.7168956940138188
0.5896578302932005
0.479446893923947
0.3834195989413678
0.2989575306471385
0.22363118324112316
0.15516347065847044
0.09139288842867924
0.030236475257167925

100.0
94.10922866221819
88.26411280120276
82.50532543993424
76.87046813757978
71.392957780408
66.10128681180984
61.018669102770296
56.163031039134076
51.54727395294207
47.17972146096783
43.06466959312468
39.20297227196079
35.5926134193312
32.22923509397872
29.106606022787403
26.217025784119663
23.55166692714063
21.100861194792692
18.854337633873826
16.801420522209376
14.931194351221858
13.232642021132936
11.694761226210577
10.306662898359534
9.057654623606165
7.937311177487304
6.935533739277264
6.042598921365038
5.249198461505693
4.546470243238962
3.9260212064641564
3.379942662412723
2.900818515538634
2.481726903659517
2.1162357852561717
1.7983930206681653
1.5227115062663277
1.284149924071655
1.0780896620771097
0.90030844248148
0.7469511669898214
0.6144984518548344
0.4997332825059899
0.3997061707968555
0.31169914955671807
0.2331888916783897
0.1618091966697749
0.0953130484527778
0.03153441590101805

100.0
94.23880111070628
88.5189065188213
82.87687768538085
77.3468642205816
71.95969868311495
66.74225060886207
61.7170569801184
56.90221141045582
52.31146957448691
47.95451597975873
43.83733577059002
39.962641636606904
36.33031639763945
32.93784336473337
29.780707073214572
26.85275540276047
24.14652016981406
21.653497203846968
19.364389127953686
17.26931503230177
15.357991384407859
13.619888202697219
12.044363974296596
10.620782186477857
9.338611760699994
8.187513179220804
7.157411696028728
6.238558726376844
5.421582301735334
4.697527343758081
4.057886434764351
3.49462172694511
3.0001786236479555
2.567491871770308
2.1899847151641763
1.8615617681409948
1.5765962709710784
1.3299123828963615
1.1167631513790446
0.9328047691030845
0.7740676935969857
0.6369251599140169
0.5180595667091834
0.4144271626712666
0.32322140607549293
0.24183531764305455
0.16782309819205965
0.09886123975376626
0.032709323600500106

100.0
94.34416504935473
88.72633962779024
83.17993462458193
77.7364104159996
72.42452562388328
67.26977073465801
62.29400427292059
57.51528574234477
52.947881482111704
48.60240879001744
44.48607997524034
40.60300991014252
36.95455608584737
33.5396671728789
30.35522314331719
27.39635619328146
24.656746588017914
22.12889107410891
19.804343817201964
17.67393117765009
15.727942294441416
13.956297644372054
12.348697665160431
10.894753314122669
9.584100169464962
8.406497425027782
7.351912911178735
6.410595106371211
5.573132986188227
4.830504483468635
4.174114295196887
3.5958217591240293
3.087959525919736
2.643343762606597
2.255276633278001
1.917541808543087
1.6243937523251168
1.3705415216092198
1.15112779082637
0.9617037781648199
0.7982007074363324
0.6568983880162245
0.5343914390507849
0.42755362503455596
0.3335007105235536
0.24955218462647105
0.17319215329094262
0.10202965130431133
0.03375858805948033

100.0
94.42914348202231
88.89379987600346
83.42496791841826
78.05202161498823
72.80207270250145
67.69946888019884
62.76544428363998
58.01792261201123
53.47146011890631
49.13730677805533
45.023559602495155
41.13538168937504
37.4752629615615
34.043302568528745
30.83749745473255
27.85402596413298
25.087519094206066
22.531314965437147
20.177694232461363
18.018095631124837
16.043311774912027
14.243665831780993
12.609169958618835
11.129666449182514
9.794952538989218
8.594889759180738
7.519498673207107
6.55903978281439
5.704081360552593
4.945554955462583
4.274799323491129
3.6835935493692102
3.164180146493792
2.7092789404491104
2.3120925557202305
1.966304330528995
1.6660694793833013
1.406000305836594
1.1811462390891243
0.9869694282733872
0.8193165790879692
0.6743876609196701
0.5487020511016547
0.43906261905171273
0.34251818931237393
0.2563247614821696
0.177905809006705
0.10481192984183897
0.03468008182602147

100.0
94.49668142059826
89.02699549355586
83.62010822614543
78.30379160949326
73.10386951316946
68.04376667135423
63.144175566538344
58.42284476535426
53.894482493118076
49.57076202484763
45.46041120332427
41.569366863178374
37.90097556322267
34.45622408055466
31.23398590653288
28.23127295398329
25.443484461875975
22.864647460039492
20.487645055028423
18.30443023002324
16.306223877375384
14.483696483404266
12.827133343858256
11.326583478033486
9.971992588596379
8.753320526366076
7.660643794836356
6.684243687125257
5.814680698989617
5.042855910231022
4.360060074059418
3.758011198313812
3.2288814413421663
2.7653141760655657
2.360432095867586
2.007837243676107
1.7016038399575706
1.4362647661718078
1.2067925281726568
1.008575480403709
0.8373900384020123
0.689369546368448
0.5609704009407831
0.4489359644906804
0.35025873393752494
0.2621411667984458
0.18195550733970162
0.10720290434112273
0.03547206986858879

100.0
94.54902956685002
89.13029936819997
83.77160837714275
78.49952366817725
73.33888659039195
68.31240029676485
63.44031186203679
58.74019407789791
54.22682460878074
49.912154321639605
45.80535265265657
41.91291584322619
38.23882348921549
34.78472967727175
31.55017657667248
28.53282031434646
25.72866097831472
23.13227046892124
20.73701353808412
18.535258685206145
16.51857662227512
14.677924814692034
13.00381719437565
11.486478574549306
10.115983613173189
8.882380408382735
7.775798990368642
6.7865451180818
5.905179907795373
5.122585920827063
4.430020423035442
3.81915660018786
3.282113570782266
2.8114760806588373
2.400304790992826
2.042138082560052
1.7309862945585475
1.4613192963902693
1.228048256879648
1.026502429186303
0.8524017133496593
0.701825694498489
0.5711797859845493
0.45715903585299306
0.3567100849068483
0.26699169778816545
0.18533422739160046
0.109198319658422
0.03613312212595324

100.0
94.58787387942604
89.2069932133958
83.88417507037667
78.64511549599615
73.51393779101133
68.51280795512764
63.661629262187496
58.97782176061769
54.4761866588898
50.16885066233124
46.06528172453089
42.17236545779254
38.49453050091321
35.03391122702605
31.79053699321793
28.76253839744232
25.94636247213466
23.33699022523195
20.928151318484865
18.712531884864354
16.681972507571935
14.827654216435464
13.140271023113648
11.61018804148426
10.227584651874844
8.982582492886541
7.865358323615714
6.86624200842191
5.975800047808321
5.184905220412833
4.484793017509583
3.867105645625125
3.3239244463515893
2.8477916359322046
2.4317223011890707
2.0692076034295703
1.7542101389727156
1.4811523851531203
1.2448991257986668
1.0407347023587328
0.8643358785459564
0.7117410402595046
0.5793163815419955
0.46371965428620177
0.36186198718996776
0.2708682107411972
0.18803606224410113
0.11079459021031907
0.03666203260714919

100.0
94.61442635029879
89.25943941056155
83.96120406715855
78.74483502021509
73.63397236723083
68.65041561669095
63.813827208017486
59.14151162728683
54.64827134990251
50.34633659221747
46.24536252814836
42.352485357572775
38.6724273758618
35.20764084972744
31.95848085279252
28.92339803757721
26.0991434186871
23.480978451276066
21.062884889663483
18.837770025982934
16.797663896209507
14.93390588589827
13.237318873480376
11.69836962846749
10.307314653576334
9.054331042530169
7.929632236414469
6.923568815425764
6.0267146709443935
5.229939073381239
4.524465289974357
3.9019165174968866
3.354349980202018
2.8742801049884186
2.454691725058726
2.0890442815469648
1.7712679911511473
1.4957529284520454
1.2573319363891966
1.0512582296863822
0.8731784965318496
0.7191022363827112
0.5853679993446
0.46860711815392075
0.36570545025413925
0.27376357753114233
0.1900558474277127
0.11198858354949474
0.037057748289917515

100.0
94.62948691215836
89.28919860650055
84.00494206002047
78.80151169547639
73.70227960205618
68.72883967677224
63.900716266983856
59.23514350776366
54.746917194538725
50.44831712793618
46.349094705699834
42.456518263879126
38.77546730082503
35.30856616435999
32.05634789215419
29.017439488788416
26.18876082501749
23.56573040396779
21.142472337704234
18.91201993363416
16.866512253465352
14.99738085351552
13.295524638279893
11.751471365450191
10.355524842694845
9.09789726959433
7.968826517135129
6.958678415350128
6.058034347913859
5.25776463913551
4.549088369995265
3.9236203800047984
3.3734063038089457
2.8909465578192197
2.4692102345830715
2.1016398827203973
1.7821481498629026
1.5051072470925289
1.2653321581477504
1.0580584676840563
0.8789156229069564
0.7238963748809961
0.5893230727798137
0.4718114092975668
0.3682321413124904
0.27567123941980864
0.19138885561878974
0.11277744241184956
0.03731931064313236

100.0
94.63348281925964
89.29710470433058
84.01659031432834
78.81665967948527
73.72062150396934
68.75001949418869
63.92434218943471
59.260802501289696
54.77418891385153
50.47678646243229
46.378362480875445
42.486209837258585
38.805238986266986
35.338109574812336
32.08539240207273
29.045753084461413
26.21614963990263
23.592037235361374
21.167574419700177
18.935826207669212
16.888960338527916
15.01843387827687
13.315168060254207
11.76970986965026
10.372379384892476
9.113402307244195
7.983027453846695
6.971629271826899
6.069795662775193
5.268401596268475
4.558669144405726
3.93221469100704
3.3810841623807857
2.8977771937266894
2.475261188206631
2.106976246226653
1.7868319423518009
1.5091969085409638
1.2688821473265155
1.0611189497248201
0.8815322328294988
0.7261100441537868
0.5911699068763984
0.47332260522351566
0.36943393520695306
0.2765848755730911
0.19203056958070858
0.11315845227976189
0.03744581209562346

100.0
94.62648934565729
89.28330433704546
83.99635935669033
78.79054304758014
73.6893033583157
68.71428821579369
63.885052590312114
59.21883809892831
54.73042674399541
50.432066346521964
46.3334620090761
42.441825673004665
38.76197451914208
35.29646849193395
32.045777432362925
29.008468990982625
26.181409473464242
23.55997089091933
21.138238627228272
18.909215215324352
16.865016687027108
14.997058805949225
13.296231207973324
11.753058067945835
10.35784439951037
9.100807494149828
7.972193331510802
6.962378059767209
6.0619548632484275
5.261806713215592
4.553165642565869
3.9276593005674023
3.3773456323407984
2.8947365917362236
2.472811837116842
2.1050233788497335
1.785292146635078
1.507997426023149
1.2679600787220484
1.0604204130277584
0.8810115116045751
0.7257287567828372
0.5908962214923908
0.47313051988814114
0.3693026385340447
0.2764981994060501
0.19197654241480916
0.11312895978191148
0.03743636920609629

100.0
94.60823376293328
89.2472644541497
83.94347948580415
78.72218832395626
73.60718727559428
68.62038635922015
63.781509705506245
59.107875443641746
54.61425575389173
50.312813241100415
46.213106337987085
42.32215419903622
38.644550434483264
35.182614876806895
31.93657312724853
28.90475464809697
26.083801427556665
23.468880575358554
21.053895488665674
18.831691386842152
16.79425201614265
14.932885164550076
13.238395313316637
11.701242304807534
10.311685348728405
9.059912042775954
7.936152368396525
6.930777853147521
6.034386279798074
5.237872477041432
4.532485853027789
3.909875434321898
3.362123251430108
2.8817669690142087
2.461812695259395
2.095738921524823
1.7774925415192642
1.5014778802823867
1.2625396290594533
1.0559405349391466
0.877334636391282
0.722736770327751
0.5884890058792975
0.47122458762464686
0.3678298993508262
0.27540489122941786
0.1912223509899384
0.11268634537914105
0.03729011367247403

100.0
94.57808297976922
89.18774873031853
83.8561680417974
78.60934536986032
73.4716497582134
68.46541905356374
63.61064993061504
58.92477921093786
54.422555433130086
50.11599430276395
46.01440788721205
42.124495278902685
38.450481748656
34.99429382718812
31.75575892165328
28.73281965504076
25.921754835640495
23.317400628676204
20.913366996099164
18.702245739065553
16.67580751077528
14.825185982768867
13.141047977252233
11.613748857848083
10.23347283606089
8.990358130513068
7.874607134322893
6.876581920351069
5.986885556505636
5.196429821537561
4.496490010174835
3.8787475971743155
3.335321593680693
2.858789476241972
2.442198598827034
2.0790690112719963
1.7633886041702287
1.4896014812154774
1.2525904268067212
1.0476542911879099
0.8704810597725516
0.7171173101267821
0.5839346920672311
0.4675939962501068
0.3650073072239014
0.27329867079155484
0.18976364505852747
0.11182805181725566
0.037006201670198496

100.0
94.53501370301223
89.10276068522688
83.73155065569611
78.44839355637401
73.27848029235122
68.24475433487434
63.36758813929194
58.66456880370266
54.150388932688884
49.83683218897586
45.73283890491403
41.84463530157031
38.17590991850932
34.7280222347096
31.500230599004713
28.489929015265606
25.692884702692595
23.103470467064835
20.714887677179348
18.519377024151552
16.508415281129576
14.672897033259202
13.003300875517395
11.489839938764545
10.122596852330922
8.891643423844625
7.787145442232127
6.799453106953675
5.919177667231654
5.137254925456422
4.4449963215081745
3.834128369459594
3.29682126381004
2.825707507379028
2.4138914356759447
2.054950521819284
1.7429293413755622
1.4723270579852459
1.2380792591709802
1.035534928711579
0.8604292893362125
0.7088531895385218
0.577219643560942
0.4622280666988352
0.3608266816602463
0.2701735083174339
0.18759629112583384
0.11055166781135209
0.03658384134441868

100.0
94.4775622821194
88.98944827198476
83.56552960247419
78.23418565437363
73.02171363874132
67.95185617685041
63.045461970887445
58.32028177391403
53.79089055120063
49.46871872505838
45.362171056846236
41.476810658577264
37.81558702907665
34.379089933444064
31.165814538427398
28.1724268371271
25.39402163743352
22.824368050509573
20.456139452399057
18.281126353267155
16.29043159273912
14.474647898276782
12.82401820186519
11.328579296808533
9.97828949915639
8.763141005722503
7.67325764478173
6.698978715345321
5.830929615981473
5.060079977605053
4.377790035640152
3.775846002405829
3.2464852265416866
2.782411948808405
2.3768044792259726
2.023314626632092
1.7160602066897102
1.4496114374396853
1.218972002861988
1.0195555255220996
0.8471581408031575
0.6979278094870209
0.568330944886062
0.4551168678430494
0.3552805402422275
0.2660239676605901
0.18471660670291692
0.10885506441326534
0.036022337617534456

100.0
94.40374925421618
88.84396076706861
83.35258731457236
77.95981642519037
72.69338338357142
67.57804171208727
62.63520825731848
57.88278065167748
53.335109507024086
49.003097873610656
44.89439637161398
41.01366297139521
37.3628601325775
33.94156735980599
30.747292938779395
27.775773841098516
25.021257090328646
22.476759131127366
20.13430200252488
17.985126551384123
16.019883731178556
14.228805403189074
12.60185614994687
11.128867544800114
9.799656181855989
8.60412661239328
7.532360189327809
6.574690706145505
5.72176763558287
4.964607724134078
4.29463567540534
3.703714651070014
3.1841673251934832
2.728788239178601
2.3308482148712537
1.9840915881558405
1.6827270217343682
1.4214126420819073
1.1952362213047938
0.9996910902487081
0.8306484259208109
0.684326505875498
0.5572574668194656
0.4462520466857004
0.34836273124337336
0.26084567033010875
0.18112167723128658
0.10673657955650123
0.03532115282868816

100.0
94.31097063858012
88.66124341935513
83.08550629692233
77.61629575669545
72.28317785830438
67.11214704733902
62.125260450158166
57.34049679432667
52.77180795842219
48.42931947425763
44.31963348539311
40.44619147441328
36.80966174101561
33.40832566653201
30.238445462948686
27.294603368923173
24.570007745944988
22.056765290792846
19.746120887519492
17.628667824689067
15.694531542389086
13.933530034420809
12.335313730671114
10.889487273831202
9.585715179666298
8.413812986041052
7.3638251790101235
6.426090941717742
5.591298599463797
4.850529521889377
4.195292178126689
3.617547010014898
3.109722780235254
2.664725056336822
2.2759374999872426
1.9372166372906843
1.6428807864501194
1.387693810860409
1.1668443477597572
0.9759211348446026
0.810885020664607
0.6680382007151895
0.5439911719352506
0.4356278460565397
0.34006920929665885
0.2546358645623519
0.17680974480902484
0.10419524442558971
0.03447998111341476

100.0
94.19584365484678
88.43474749015854
82.75497696769847
77.1920963272744
71.7779710212071
66.54007985859963
61.50115232449239
56.6791037312325
52.08721202777518
47.73446729955482
43.62602587244867
39.76371086837078
36.14651520533481
32.77107758653757
29.6321146390714
26.72280202215542
24.035103935657915
21.56005444850931
19.287996059056518
17.208781521017706
15.31194474572424
13.586845919330955
12.022795123791838
10.609157892156066
9.335445356472635
8.191391003250413
7.16701554740466
6.252681062469843
5.439135244561326
4.717546518520085
4.079530595243974
3.517169039695913
3.0230203926355474
2.590124392041109
2.2119998518345607
1.882636768056398
1.596483230658194
1.3484277192483258
1.1337773517753165
0.9482326359280508
0.7878592446492942
0.6490573010094013
0.5285286156759208
0.42324227453664937
0.33039892700137596
0.24739407941050845
0.17178065496814002
0.10123104361439869
0.03349883387805384

100.0
94.05398779730902
88.15602142041477
82.3490505280738
76.67253166595388
71.16118935216855
65.84422924664297
60.74500958668027
55.881112315603886
51.26471691686967
46.90316873146263
42.799643016901896
38.95382707848481
35.36256729022525
32.02045020273509
28.920304482491225
26.05362252637548
23.41090786452433
20.981958031122744
18.756093623179016
16.722343776200987
14.869597002557255
13.186724759773835
11.6626835437837
10.286599897559388
9.047841557264235
7.93607703837871
6.941325274587955
6.053996429515535
5.264924668187382
4.565393465114311
3.947153906764207
3.4024363906958275
2.9239561096934343
2.5049127196751306
2.1389846120216
1.8203182349875133
1.5435129287136682
1.303601750172083
1.096028766176329
0.9166232838726165
0.7615714694859502
0.627385778902481
0.5108725898133494
0.40909838681562494
0.319354810372233
0.23912284016150953
0.166036345245889
0.09784519957631031
0.032378133243073245

100.0
93.8797114272725
87.81413015582729
81.85237190661478
76.03889978877535
70.41195997967483
65.00269395563848
59.834907918137624
54.92538183603755
50.28455216540161
45.91739973141455
41.82440193671437
38.00244906795331
34.4456648388947
31.146104156298932
28.09432408194575
25.27983780117718
22.69146815531662
20.31761923792846
18.146483640480227
16.166200589920503
14.364977383392619
12.731183740284365
11.253426235442062
9.920607955045273
8.721976935349245
7.6471657611703625
6.68622385212316
5.829643383126534
5.068379409478943
4.393864542396605
3.7980184044121406
3.2732520506176397
2.812467544570264
2.4090529066502224
2.0568726931598054
1.7502545062740587
1.483971771367514
1.253223145213044
1.053608934104344
0.8811049046600621
0.7320338626129226
0.6030353577384481
0.4910338482060105
0.3932056272924622
0.30694478194139513
0.22982841839652324
0.15958135725275804
0.09404047068309579
0.03111880994017894

100.0
93.66555626499681
87.39481934926103
81.24509322778658
75.26729676170078
69.5039635549592
63.98827925894924
58.744074885853884
53.78654697198927
49.123422462221086
44.75630908167207
40.68203593028122
36.893862547180795
33.38249807790659
30.13691759345883
27.144990116165495
24.393946288730568
21.870717498665584
19.56217662389416
17.455306272785485
15.537315274862534
13.79571925200371
12.218396839542377
10.79362968364614
9.510131693283704
8.357071070097174
7.324087250471658
6.401303946712466
5.57933885945304
4.8493102613137555
4.2028404512081154
3.632055994767432
3.1295846579504305
2.688548977720676
2.3025564739167224
1.96568657486177
1.672474395605736
1.4178915654755389
1.1973243471601906
1.0065493212900034
0.8417069283100889
0.6992731643909273
0.5760297218763282
0.46903284950101987
0.3755811857070245
0.29318279230244304
0.21952158782024897
0.15242335245633346
0.08982145135075742
0.029722401867001525

100.0
93.40162181802847
86.8792905678909
80.50131274150883
74.32695810154394
68.4038861214274
62.767201984718064
57.439917077743324
52.43437341518179
47.754155889582165
43.39610190365319
39.352150775736376
35.610901313709135
32.15883966611061
28.98125694841581
26.062904027936487
23.38843898792791
20.94271976545282
18.7109863596659
16.678967548444476
14.832938177789046
13.159745621111952
11.646818132184777
10.282163414023247
9.054362554022653
7.952562270425634
6.9664669391001
6.086330926150129
5.30295118696157
4.607659789116877
3.9923158888514227
3.4492966757185872
2.9714868531815446
2.552266312600331
2.185495762992569
1.8655001846404684
1.5870500719292102
1.3453405143354948
1.1359682315555586
0.9549067286181065
0.7984797700725201
0.6633333904994799
0.5464066637739544
0.44490144817286503
0.356251311160898
0.2780898191029635
0.20821835571612926
0.1445736110542714
0.08519486220601279
0.0281911493454187

100.0
93.07453810975355
86.24236654936806
79.5867931309086
73.177915680047
67.06932640393293
61.29743634931225
55.882868827134615
50.83308075179904
46.145419064516055
41.810046389765034
37.81242660324093
34.13526387457262
30.759915419405935
27.667359745521782
24.838820202725405
22.25613781610061
19.901971395554206
17.759884739910127
15.814364265054646
14.050796994568113
12.455428691913642
11.01531456760508
9.718269883609068
8.552824343345154
7.508181932973833
6.574186506269275
5.741292612667008
5.000540662656242
4.343535370238732
3.7624264141814483
3.249890353617955
2.799112975630317
2.403771413892996
2.0580155396093596
1.7564482772112697
1.49410463089902
1.266429320720866
1.0692530174951123
0.8987672350066833
0.7514979871584784
0.6242783493894984
0.5142200803417867
0.4186844643047476
0.335252530252936
0.2616947920935697
0.19594063964059652
0.13604749316786746
0.08016981819452404
0.02652808310753872

100.0
92.66585627568877
85.44967060325808
78.45556080319612
71.76765215485078
65.44597070176978
59.52664048761352
54.025096515138955
48.940718924286216
44.26160274659546
39.96870166872827
36.039046280540646
32.44803586330782
29.170948345712265
26.183855679786532
23.464119955133107
20.9906121539953
18.743758761977347
16.70548953525737
14.859134942073496
13.189303840566254
11.681759565433012
10.323304374459093
9.101676945044932
8.005464376505392
7.024028268027857
6.147443431458925
5.366447341084244
4.672398305214969
4.057240426380652
3.513473607558037
3.034127103380875
2.612735371579261
2.243315229045804
1.920343546194863
1.6387349159316074
1.3938189067219757
1.1813166525998628
0.9973166477137991
0.8382497014548095
0.7008630751724739
0.5821938661512234
0.4795417321829527
0.390441064018203
0.31263271636880896
0.24403540393292797
0.18271685982288016
0.12686484219759292
0.07475806289783042
0.02473710115551234

100.0
92.14943629639731
84.45315842100709
77.04472828628235
70.02627996389202
63.46380872562712
57.38964742110708
51.809173692844475
46.708768018010154
42.06304833294578
37.84050968601125
34.007456565699556
30.530489837153954
27.377919619208335
24.520449287438634
21.931401034916252
19.58667486733153
17.464568051207806
15.54553439948221
13.81193021003618
12.247772508781745
10.838522061097759
9.570895730654312
8.432708279824755
7.41274133717617
6.500636169286176
5.686806556211902
4.962368152836496
4.319081020997934
3.7493024194517774
3.2459473700257027
2.8024549390733373
2.4127585623166743
2.0712590882289605
1.7727995166261123
1.51264066525904
1.2864372102248298
1.090213719394031
0.9203404358143372
0.7735086744592435
0.6467057750280547
0.5371896099489899
0.4424626842792328
0.3602458865785739
0.28845196051546107
0.22515876908916127
0.16858241972447996
0.11705031156541457
0.06897415814181558
0.022823030911256315

100.0
91.4870248444806
83.18379218070298
75.2664343793588
67.85955922649508
61.03216825520489
54.80563275618492
49.1670030581238
44.082268502163444
39.50687979754716
35.39294696926333
31.69359093793141
28.365237929449485
25.368584255915575
22.668777782474738
20.235182095657407
18.040949903220874
16.062536656850458
14.279224687860353
12.672691650526351
11.226636177532177
9.926462333498115
8.759018783267688
7.7123861403806195
6.775705271028917
5.939039550188273
5.193264716841066
4.529980788032484
3.9414413258656418
3.4204961373070546
2.960544192955912
2.5554941679036345
2.1997305364325057
1.8880835986379894
1.6158021892285288
1.3785281253655564
1.1722716997930365
0.9933877254203545
0.8385517950292063
0.7047365412583834
0.5891877732306751
0.48940043229686436
0.4030943550309667
0.3281898609828194
0.26278319949120854
0.2051218973656537
0.15358005032657351
0.10663359821748544
0.06283561923940853
0.02079167348767006

100.0
90.62038238098998
81.53904971171005
72.99502578162992
65.13882729826406
58.03349789726017
51.67538053723795
46.01955688203263
41.00099828111882
36.548823242666934
32.59448137055159
29.075690976880512
25.937800481830248
23.133759722442804
20.623437884139022
18.37270460673509
16.352490215940662
14.537925155410106
12.907595940865647
11.442923173554178
10.127652498240863
8.947443780989179
7.889542691167387
6.942519862197323
6.096064609816212
5.340822177410098
4.668265366767699
4.070593085200542
3.5406497679252302
3.071860828641157
2.65818027753184
2.294047454483743
1.974350484771819
1.6943946000157397
1.4498739002160017
1.236845480872684
1.051705127200675
0.8911639973536002
0.7522258883677331
0.6321648106145231
0.5285026959836641
0.4389871378436689
0.36156911223119903
0.2943806641854248
0.235712564547982
0.183991954241856
0.13775999789626325
0.09564956913246885
0.05636298788830911
0.018649827465357753

100.0
89.45638260365192
79.3606707431627
70.04631827114162
61.686813310859385
54.31638147850825
47.8797327243403
42.27850574197426
37.40249409726036
33.146511051763405
29.417596059689192
26.136835346746132
23.238612308677872
20.66886584965403
18.383142908891216
16.344790345054342
14.523407566468004
12.89357724888268
11.433848608760462
10.125934120329646
8.95407996473791
7.9045749366808575
6.965368346037432
6.125773082521967
5.376234897811742
4.708152984512909
4.113740158124623
3.585913499327178
3.118208317998272
2.7047098715584452
2.3399985027812944
2.0191048308641615
1.7374723924782312
1.4909257314246624
1.2756424106942492
1.0881277954776816
0.9251917503192043
0.783926623977164
0.6616860741271386
0.5560644207842733
0.4648763203073801
0.3861366277132127
0.3180403692928235
0.25894278481611654
0.20733942284969642
0.16184628720975816
0.12118004012148337
0.08413827059664904
0.04957983679422566
0.016405290232774854

100.0
87.83660138757074
76.39307447869194
66.14387792093588
57.25898383849774
49.68980002827608
43.28159242102442
37.85154075565188
33.22800677479933
29.264807085676722
25.843075186554344
22.868191305065967
20.26540323272366
17.97562913407297
15.95192549448219
14.156682121772953
12.55945634512142
11.135323162889062
9.86362556501149
8.727029314501397
7.710807375098672
6.802297057417101
5.990487094175812
5.2657026207713855
4.619364089406247
4.043802122843466
3.5321147464587765
3.0780567325839217
2.6759532531593484
2.320631887872743
2.007368436583811
1.7318430535633882
1.490104041284605
1.2785372744456012
1.0938397152988366
0.932995862126057
0.7932562683012451
0.6721174982404373
0.5673030626972084
0.4767450102109574
0.39856595262034494
0.3310613772682813
0.272682152406974
0.22201716992747295
0.17777609467113908
0.13877220538025903
0.10390532143303609
0.07214481405221809
0.04251270244408689
0.014066835720906272

100.0
85.46909736944495
72.20192090444941
60.86565348917974
51.523452890398076
43.92427901341796
37.735997850401375
32.654019991876126
28.432576959653638
24.883507163626067
21.865514511886193
19.2728105027464
17.025752084286534
15.063775007961244
13.340246396240634
11.81876324474836
10.470495592095917
9.272272493543191
8.20519435955287
7.253619419440849
6.404417787837473
5.646418442173074
4.96999641447704
4.366762706639392
3.8293300037486135
3.351134658568352
2.926300649983336
2.549534953638603
2.2160464602478713
1.9214825462624978
1.661878854899804
1.4336189291304477
1.2334011537335619
1.0582110822227433
0.9052976968283067
0.772152511972617
0.6564907100365552
0.5562337119777714
0.46949274892107506
0.39455312511421015
0.32985895604537474
0.2739982346514086
0.22568812866344087
0.18376044748372733
0.14714724102673046
0.11486650853455665
0.08600800483329928
0.059719136751272835
0.03519094502551545
0.01164416820765649

100.0
81.75599184645722
66.00937172773669
53.56890772330725
44.05368429676632
36.772756643072114
31.1154526287745
26.62982749132439
22.99986795109913
20.007146149053867
17.49954861921688
15.369486208510718
13.539433543683463
11.952432103565151
10.565817802449308
9.347025923756451
8.27074243566188
7.3169388930975465
6.469496100549095
5.715226426769851
5.0431703518882625
4.444084510539941
3.9100653181569767
3.434269792201415
3.0107068087829116
2.634079872140852
2.2996678376690887
2.00323375477777
1.740954621835139
1.5093667223723166
1.3053225712589809
1.1259564965807032
0.968656622390003
0.8310415713086938
0.7109406240831273
0.6063763907719779
0.5155492903283854
0.4368233200447955
0.3687127369718374
0.3098693799440755
0.25907044079859143
0.21520655259445123
0.1772701057180926
0.1443437333472543
0.11558892879322398
0.09023477114587157
0.0675667443642434
0.046915640078413104
0.027646537176093892
0.009147852748514032

100.0
75.28920323558785
56.37003372057315
43.32789099334512
34.37709768559684
28.034279199199467
23.358422405015936
19.782410321588188
16.960514109498078
14.675393405251913
12.785575836739751
11.195821338071605
9.840000971023033
8.670895471323837
7.653920960137446
6.763152356671869
5.978732948626527
5.2851449184469645
4.6700292397272385
4.123364868089981
3.6368882133763476
3.2036765500433635
2.817845286164453
2.4743255545171983
2.168699236806262
1.8970755249382685
1.6559978038803076
1.442372830136281
1.253416390349536
1.0866111811287191
0.9396737638320767
0.8105282544301176
0.6972850003673984
0.5982229354687836
0.5117746327828232
0.43651332327413594
0.37114133621981127
0.31447955987683424
0.2654576292576821
0.2231046296531199
0.186540165870215
0.1549656925967126
0.12765603442891982
0.10395104772809166
0.08324739285486457
0.06499039629232305
0.04866598918058103
0.03379271304226
0.01991378593470555
0.006589223671469

100.0
62.140802045371856
40.69354654003743
29.06684323578027
22.17281635012263
17.685517722043265
14.540792091144542
12.210476329485378
10.409128223694129
8.97079426298456
7.793023999070748
6.809377299274331
5.974965522836277
5.258389716490155
4.63701742952856
4.094096753317002
3.6169286278187016
3.19567333077402
2.8225503410690576
2.4912896823008226
2.196748351624864
1.9346376707034614
1.701326700052563
1.493698745106402
1.309045488377425
1.1449881321060218
0.9994181368075563
0.8704522958141142
0.7563983631829632
0.6557284827106313
0.5670583960275455
0.489130932960739
0.4208026701825868
0.36103292651334945
0.3088744735653246
0.26346549831216204
0.22402247335208633
0.1898336808498073
0.16025320442075017
0.1346952547251143
0.11262873312420375
0.09357196634866369
0.07708756600397004
0.06277738167225139
0.05027752677684125
0.03925346339363597
0.029395136738623352
0.020412152873119215
0.012028994837840808
0.003980273416509678

100.0
30.172144235166012
15.724852017198877
10.417055855417935
7.710184215402317
6.061210746310911
4.943807324710256
4.131486323304177
3.5109594341671464
3.0193391934624554
2.6189435911827568
2.285829002699369
2.0040531221145383
1.762584997670403
1.5535394838447825
1.3711184623656103
1.210949869199992
1.0696608915294463
0.94459438137899
0.8336157931081993
0.7349789981983457
0.6472313593178136
0.5691455556125762
0.49966998141573016
0.43789224965429285
0.3830120678673463
0.3343208930942322
0.2911865335626317
0.2530413845604065
0.21937334648362028
0.18971872755006752
0.16365661602351933
0.14080433926747962
0.12081372435892776
0.1033679473631871
0.08817881257961724
0.07498434390862882
0.06354660135749579
0.053649659037370796
0.045097698593415884
0.0377131851842577
0.03133510289398557
0.025817233596469535
0.021026468406036863
0.01684114442294601
0.013149401903076181
0.009847558559944092
0.006838498693861061
0.004030075437395229
0.0013335247645067257

