100.0
0.0
0.0
0.0
0.0
0.0
0.0
0.0
0.0
0.0
0.0
0.0
0.0
0.0
0.0
0.0
0.0
0.0
0.0
0.0
0.0
0.0
0.0
0.0
0.0
0.0
0.0
0.0
0.0
0.0
0.0
0.0
0.0
0.0
0.0
0.0
0.0
0.0
0.0
0.0

100.0
48.66438515625
27.9569139609375
17.871423609375004
12.141252237304693
8.572690138732911
6.233824532765259
4.633329996400276
3.483970337218612
2.6201001749861166
1.9513050746406533
1.429213182989622
1.0254605021297998
0.7195436181791991
0.4936541668115868
0.3313659688176688
0.21787405922788627
0.14050697990614847
0.08900009073369891
0.05544662494558742
0.03401820794617378
0.02057870463773077
0.012287686377366014
0.007249368158484027
0.004229609654167554
0.0024424488834622086
0.0013970016775772653
7.919638902345432E-4
4.4526066482492607E-4
2.484064664312991E-4
1.37584163680369E-4
7.568833348025487E-5
4.137376195815646E-5
2.248131946542764E-5
1.2147043409642248E-5
6.528452226821563E-6
3.4911491837941554E-6
1.8579710536025464E-6
9.733208324893555E-7
0.0

100.0
67.2812144296875
45.7426834875
32.1022145409961
23.090433821718765
16.868271299865608
12.478689487622992
9.354010166619677
7.100173555170915
5.433831917420109
4.163062171268285
3.168538418951141
2.3805148074022755
1.757699391507375
1.2723441951923335
0.9020157196270449
0.6262819033109709
0.4261239980318373
0.28439758001543103
0.18639089148858898
0.12009941716597791
0.07616893585397755
0.04760119072732052
0.02934360979816327
0.01786015546818604
0.010742858513240678
0.006391049137108398
0.0037632802814605627
0.0021948226661930555
0.0012686488375909183
7.271764729519851E-4
4.135430705377127E-4
2.33448581257926E-4
1.3087029688705547E-4
7.288607340506289E-5
4.034241451109502E-5
2.2199366749649664E-5
1.2147044098799344E-5
6.5119347817530234E-6
0.0

100.0
75.70864237500001
56.34964190232424
42.145679612724635
31.80942914299982
24.129904744186423
18.33771960666824
13.969773096049588
10.69716085874644
8.247326627892987
6.393635477602546
4.962832972354502
3.8351772898354333
2.9343557068065347
2.2131565261733583
1.6406527782663916
1.1935264424002412
0.8515371078417975
0.5959096490159308
0.409264984219442
0.2760769385932744
0.18309142789790386
0.1194951853994943
0.07682604945234053
0.04870340836728912
0.030471839479172116
0.018832037423268812
0.0115053572810828
0.00695386314808873
0.004160731785518794
0.0024660501208791483
0.0014486788032925704
8.439366875896808E-4
4.877827995047117E-4
2.7984439704449094E-4
1.5942623425432053E-4
9.0223874425386E-5
5.073108576121633E-5
2.7801234878012836E-5
0.0

100.0
80.14192417089845
62.90695146796877
49.062345719011546
38.3231821756472
29.98407606706596
23.424037715993922
18.239437724493072
14.172816421191499
11.021934422404708
8.599101114463352
6.731700597761401
5.275337430845484
4.1214779609871925
3.1955123741848883
2.44871348452625
1.8488740439815186
1.3727295657864267
1.001195203813068
0.7170845456685646
0.5044531324662359
0.3487332729093163
0.23708076253046176
0.15862911818627462
0.10455016720198289
0.06793512196799631
0.04355667618307779
0.027577374962185167
0.017255075289818102
0.010677114280765485
0.006538085516950891
0.003964361756463756
0.0023816004017727845
0.001418293850439599
8.376779567368968E-4
4.909052329371757E-4
2.855677040894207E-4
1.6491044693898966E-4
9.22757830948762E-5
0.0

100.0
82.70385571417235
67.17131650576648
53.9410688592494
43.15615432861775
34.51851703575836
27.57203789908095
21.9352556090236
17.359031442187653
13.6800301099341
10.763356154402343
8.475649341070243
6.686023679027937
5.277635539265527
4.156734894510513
3.2546671872400585
2.524156420077613
1.933124434605772
1.4587517821403513
1.0831440835622534
0.790828955154974
0.5676865138333492
0.40074154845649634
0.27832788766907846
0.19030825126094036
0.12819605715866955
0.08513944241755791
0.05578928502703261
0.0360954664042821
0.023075035260341114
0.014585151143116785
0.009120799096577141
0.005646325278233457
0.0034621898842435257
0.002103839707704323
0.0012675369420160664
7.575104741025259E-4
4.490281130622173E-4
2.562274581449353E-4
0.0

100.0
84.25466782564855
70.01563973586204
57.469874928578214
46.82186849466357
38.04053173375194
30.86724857447011
24.979092798839364
20.114386873311613
16.100283907952807
12.820932617991078
10.178838339698318
8.075247271088077
6.409709681057972
5.088488735127922
4.032553093009984
3.180972253669192
2.489753399232864
1.928068557992337
1.473912959673791
1.110497092741864
0.8238525062280505
0.6015690659489344
0.43232938764356504
0.30587793884431874
0.21314627920909776
0.1463679893591328
0.09911148596250402
0.06622086089342911
0.04368618230163189
0.02847425527260041
0.018348092870903866
0.01169550850410318
0.007378752735006825
0.004610145710443133
0.002853858821258949
0.0017512130036514441
0.0010649246266498278
6.188740270411308E-4
0.0

100.0
85.22860510796873
71.91900255557223
60.029270578725175
49.64622961975065
40.83551980525233
33.50698204019106
27.443341500349536
22.403052648716773
18.19338251717491
14.684340069951384
11.786603167070918
9.424785546690098
7.522700217696861
6.001831820020785
4.786877341442246
3.8119966856122116
3.0243077188403014
2.384047061789148
1.8624325958917507
1.438639136223874
1.0969641745997338
0.824723097274517
0.6109693112861241
0.44588150876631
0.3205766554273046
0.2271291982100211
0.15864319741263827
0.10929379853450188
0.07430803227403188
0.0498876571824341
0.033091804544280776
0.021700362065655475
0.014075846916556133
0.00903598153792279
0.005743686213430587
0.003616816669797026
0.0022549306373691497
0.001332641992847672
0.0

100.0
85.87533043703047
73.19833005168076
61.86057337349868
51.809396650660375
43.079273530833476
35.666225999963174
29.461518287921006
24.283587964970316
19.945046527574902
16.29703955075411
13.236444018856448
10.690430870662064
8.597705087893166
6.8973599680324815
5.526808180731582
4.425174984481213
3.5378650585792184
2.8196065998267716
2.2351858134878224
1.758338453772349
1.3697153047153194
1.0547411757120797
0.8018640276512722
0.6013688872607302
0.44471306563494256
0.3242380289038055
0.23309857769644846
0.16528176804100442
0.11563427497004508
0.07985868311065036
0.054468715092848966
0.03671008785519954
0.024460347110788302
0.01612135027178207
0.010515225502102932
0.006790724734493748
0.0043376577854693675
0.00260276979989765
0.0

100.0
86.33768269273048
74.0803694880193
63.15606672836204
53.432594611053624
44.863884457710775
37.449196069344865
31.1478256782119
25.84931814060084
21.401690903711277
17.65575501053963
14.492738667845021
11.82797580730719
9.600006907107726
7.757277529231422
6.249703382099396
5.0264684949559415
4.037947347563524
3.2388903701158394
2.5908549466275406
2.063098680778651
1.6320765683540954
1.280106672004254
0.9937947995232688
0.7626312870719361
0.5779534743131471
0.4322954933816554
0.3190497904286721
0.23233252680964186
0.16695405607201153
0.11842318745865403
0.08294398321596888
0.05738804947654189
0.039241067505538456
0.026530415354045555
0.017743271419188352
0.011743520411809608
0.007679607860154503
0.004670364301573775
0.0

100.0
86.69096131959294
74.71950914179872
64.07894617721979
54.62724996219501
46.25109533479367
38.90651925637409
32.56853822338749
27.17795181012763
22.62997369929176
18.796886409176086
15.557612693419312
12.815198928993137
10.498607627978634
8.554938109818066
6.939906262960927
5.611460045761365
4.527681057743892
3.6477528155928365
2.9340997703790426
2.3542237830312005
1.8815502181532264
1.4952564606230152
1.1794119005653054
0.9218381231023238
0.713012195829281
0.5451937154001087
0.411828517732727
0.30719855189442574
0.22624976948733644
0.16452566712369388
0.11814816829427978
0.08380758626681208
0.05874190763930859
0.04069921243407961
0.027885183803460382
0.018900497144124503
0.012642581955435677
0.0077772865546450656
0.0

100.0
86.97107638800686
75.21007274244873
64.75720330837359
55.50261538920122
47.304643052415436
40.070247329283596
33.753534112323536
28.313903796120712
23.684339835199076
19.768786457944078
16.459446001713772
13.656615702503645
11.279862414214332
9.268769475930014
7.577316486390614
6.167000722626198
5.001997998138188
4.047279774750423
3.268989472356167
2.6358253214646066
2.1203709899051817
1.6998087870990437
1.3559121055502572
1.0744960335916638
0.8446000652321255
0.6576448061485731
0.506716771741634
0.386044522877907
0.2906625874778362
0.21622342876209505
0.15890692688485722
0.11538204835743324
0.08278775801321367
0.05871356009980558
0.04117097140023201
0.028552567393025214
0.01951581845083567
0.012117665710582433
0.0

100.0
87.19438351661049
75.60298195771902
65.27930553947047
56.15525761421293
48.09562981969439
40.976774973909
34.71988036747084
29.276051765674868
24.59574520067644
20.61042498146628
17.233727380167096
14.374284672894811
11.949074235418124
9.890592957800823
8.147024663630685
6.678126522193734
5.4502101085868855
4.43246294377267
3.5953181205359876
2.9104795114793607
2.351775721860067
1.8960895387357768
1.523916641838692
1.219425528428531
0.9701059154893338
0.766183975071586
0.5999800581135499
0.46533319216755537
0.35715426632602454
0.2711187832651243
0.20347854129398385
0.15095849171779607
0.11070492537352179
0.0802580474041418
0.05753110914209427
0.040782065658959255
0.028449104663521747
0.017787053601677646
0.0

100.0
87.3695684459602
75.9229669068295
65.69872484958044
56.65927487431204
48.69382444054428
41.671875867104895
35.488444001634946
30.07382459368674
25.37688619135161
21.34402241377808
17.908807251242433
14.994498535413014
12.523364269774003
10.425675991243393
8.644310977613609
7.134603124445254
5.861290835778346
4.794817261812559
3.9085220895408885
3.1772601207171984
2.5772303277078916
2.086469285936225
1.6854763945774471
1.3576274805985995
1.089250375710999
0.8693962014313021
0.6894191872122013
0.5424894854285677
0.4231354459629285
0.3268702935587925
0.24992049773232689
0.18904729767601947
0.14143985031330525
0.10465555579375131
0.07658636130540679
0.05542619530490483
0.03940546314078426
0.024743511273007925
0.0

100.0
87.5033605024742
76.18198008320272
66.0439544416389
57.064084635226756
49.15780054392971
42.204870161211666
36.08863039334104
30.719300319702285
26.033261283018703
21.978588245261157
18.500995310955858
15.538147884125426
13.022364404691302
10.887303481733111
9.074015783574952
7.533875623016476
6.228266439490021
5.1262845378405455
4.20198262728648
3.4322142310252004
2.7954785076217856
2.2716500604864276
1.8422324152039449
1.4907598885355693
1.2030880254180032
0.9674597170175288
0.7743511847492639
0.6161669159752496
0.4868699443758825
0.3816202551640818
0.29646726701311255
0.2281153144756916
0.1737607572914146
0.1309877007724246
0.09770518034080539
0.07209071965777505
0.05214799278769318
0.032793487500789406
0.0

100.0
87.6024557745031
76.38742033653479
66.32899169740483
57.39857790838842
49.530087332132695
42.620548470020616
36.554933186631914
31.23143369836118
26.571978852500997
22.517573693428695
19.016965876009195
16.017410129157174
13.461629156023575
11.290232018149064
9.446451730803728
7.880201744424983
6.549915250296044
5.422153088531598
4.469851923508311
3.6702480379435105
3.003212109796029
2.4502905731039095
1.994395068389586
1.6199002781041663
1.3128860988637072
1.0613297883848873
0.8551527273811823
0.686110990467435
0.5475703085445082
0.43422428316578887
0.3418095673538004
0.2668549345794742
0.2064821978413804
0.15826147396568951
0.12011347323541112
0.09021165877860099
0.06626624340216247
0.04160927405183768
0.0

100.0
87.67363101340634
76.54600260960937
66.5612774084222
57.67789464996659
49.83772759286975
42.95391911832725
36.92092886311099
31.634250599497538
27.005352437669924
22.965276019458564
19.459081445937287
16.437393254022876
13.850372057932038
11.646143803029501
9.772775889411616
8.181594313938461
6.829882194220591
5.682002542562735
4.708979671461038
3.8871443329863067
3.196552486186567
2.619689800865742
2.140679248412858
1.7449647304627567
1.4193111663518772
1.1519352393998108
0.9326224997034429
0.7527529938226152
0.6052181410398039
0.4842512974443959
0.38521138448252823
0.30435851255807733
0.238650410576365
0.1855754422757493
0.14302648399178758
0.1091487473078247
0.08123638840552337
0.050776047722379536
0.0

100.0
87.72328627780797
76.66487997460277
66.74636995645979
57.909767558159714
50.09601250325292
43.22894924674486
37.21460335508566
31.952624983468652
27.350122473796883
23.32978938954467
19.830045258633376
16.799858341226148
14.192595279483223
11.962083329783747
10.061827175405874
8.446533078248523
7.074401072257967
5.908897750475932
4.919409110956611
4.080824813480332
3.3724764643269407
2.776919955390626
2.2789200475668805
1.8647963035483102
1.5221201309565269
1.239656243097177
1.0074176316150834
0.8167274251757918
0.6602255320415037
0.5318010658313383
0.42646174456134023
0.3401660963813915
0.2696462453778815
0.21224325588864718
0.16576823226740608
0.12828615846899072
0.09650033596531968
0.059858052240726115
0.0

100.0
87.75701119412646
76.75145276584834
66.88997315914253
58.09899138041677
50.31297815495778
43.46022013693658
37.456392970906606
32.20849273802521
27.624596002334968
23.62281999818359
20.135262671622176
17.106598789518873
14.489705516413496
12.241238110416528
10.319037255360167
8.681748675754593
7.289947338910872
6.107695767860875
5.103685741421421
4.251584322778281
3.529637318364034
2.919826898611936
2.4069236419428846
1.9776845053931258
1.6203128000753018
1.3241784534313479
1.0797268577744648
0.8784838660773884
0.7130783613629457
0.5772336000427156
0.4657090859770179
0.3741974045194969
0.2991925836986517
0.23784950818742023
0.1878508452797428
0.147115897700979
0.11154472201513094
0.06846819012876026
0.0

100.0
87.77936400654227
76.8127976198455
66.99833882252449
58.24986469430277
50.493134730843344
43.655828473779735
37.65958107756391
32.41880174848723
27.845740509110577
23.857803708107898
20.3829701983992
17.361296247570646
14.742969388939589
12.484785652300802
10.546973199241572
8.891458179719907
7.481675258626547
6.283362964577088
5.265600215261845
4.401518693861179
3.6684505462123824
3.0475595490866927
2.5231650397712544
2.081996094308616
1.7125531415591184
1.404661470098506
1.1492188318538452
0.9380886628685858
0.764073440181734
0.6209103366718676
0.5032512262664597
0.4066106977394187
0.32728261496063493
0.2622355450465326
0.20900058363783125
0.16528653880289096
0.1259624046127928
0.07632479627400413
0.0

100.0
87.79385546386997
76.85517811896045
67.07792889637639
58.36710138044891
50.63987565732706
43.8202267736972
37.83200450122029
32.59523206647135
28.027330294987063
24.047751142628716
20.583027654983855
17.569794191157488
14.954953479157838
12.693679251153057
10.746647496575763
9.077744358738824
7.652877756288147
6.439866386202141
5.4089767747567405
4.5335915275837415
3.790631015192021
3.1605751270037703
2.627125919092648
2.176659331419196
1.7976324617008337
1.4800715789471264
1.2152021772981916
0.995224724018233
0.8132030846134699
0.6630190571178549
0.5393504322927641
0.43764327783738294
0.3540643990644545
0.2854324177282647
0.22913364473429879
0.18261138551605904
0.13948546794695912
0.08328352190923316
0.0

100.0
87.80306440088411
76.88378447247908
67.1349070001196
58.455853146772576
50.75666159639443
43.956332678150645
37.97807403395128
32.745086338488555
28.179360275443106
24.203694539380503
20.7453578319625
17.739342420497998
15.129845388968679
12.86975507255082
10.91881855704549
9.241488883994133
7.805252895068243
6.5797898434020885
5.536882627872881
4.650758569828087
3.8984999498448563
3.26027047357749
2.719259416952577
2.26137668277381
1.8748039941497456
1.5495193669675866
1.2768835022456562
1.0493324840501925
0.8601806251590909
0.7035107809053592
0.5741188572589354
0.46748112094331246
0.37972178739815843
0.3075691265887662
0.2482975274957891
0.19904155374586585
0.15198729058406824
0.08933942218296065
0.0

100.0
87.80881149525109
76.90268830042118
67.1747378787302
58.52136359783646
50.84735104342879
44.066764836041145
38.10047904395666
32.87264652684068
28.308419003543303
24.33401076327532
20.878703981564115
17.877486644995056
15.272994893222236
13.016048707352866
11.064836202845605
9.383320920758663
7.939571416995952
6.704522100751964
5.65135363882503
4.755401133220841
3.9943497922674327
3.3484670519358812
2.8006996298932263
2.3365722591708633
1.9439144123798853
1.6124899092398235
1.3336120708631771
1.0998072881848737
0.9045590574375892
0.7421359270483341
0.6074876194308334
0.49618542236635166
0.40438365624790396
0.32878494738864905
0.2665996353398359
0.21461743904071118
0.163459088886602
0.09460209436792477
0.0

100.0
87.81233974516276
76.91494132131176
67.20197750113672
58.5685771765367
50.91607202861766
44.15436277271638
38.201328648818254
32.980473514698204
28.418550291077953
24.444489547219355
20.9899761769856
17.991104456543383
15.39013415176405
13.136526993798324
11.186928677009792
9.504259791495858
8.05636987860306
6.814736265237101
5.753527873677307
4.849129159010548
4.080036361884767
3.4269486619180936
2.872878528163452
2.403164691581811
2.0053467830419414
1.668922040046747
1.3850374618567507
1.1461758706442629
0.9458805078377779
0.7785412401773637
0.6392452017551444
0.5236808239289348
0.4280779715211058
0.3491669964784727
0.28414348144689383
0.22941484222930902
0.17397137706807242
0.09925277610497171
0.0

100.0
87.81447371313938
76.92274466954014
67.22023444194521
58.601854115234524
50.9669324335424
44.222248292812665
38.282746089530235
33.070380357542355
28.512199877173206
24.538847187729665
21.08415591112289
18.08582737555094
15.486645605842668
13.235546302298735
11.288054521607126
9.60596281418545
8.156437509400808
6.910897220266395
5.843991159063298
4.932876422015298
4.156836846385758
3.497166650028011
2.9371883934849867
2.4622818405770124
2.059843991679693
1.7191535790902113
1.4311555800876636
1.1882038137965556
0.9838030154301998
0.8123820743076687
0.669114982788702
0.5497916727450624
0.450730877556791
0.36872243918080805
0.30098627309325576
0.24349989110756431
0.18363212036640303
0.10349524922420321
0.0

100.0
87.81574693268884
76.92763484814517
67.23224663651277
58.62482889644295
51.003744352870825
44.27366478105615
38.347059563570895
33.14401790754069
28.591000242576985
24.619390091491766
21.164577041247917
18.165870133327765
15.567076900643434
13.317305166831426
11.371529748381954
9.690651016912495
8.241023618972514
6.993629598254941
5.923149296755628
5.007150505775902
4.2255179688104505
3.56013709691375
2.994767925089463
2.515013554506787
2.1082960108639424
1.7637846243845507
1.4722593459067954
1.2259206803416236
1.0181733701312319
0.8434131503564677
0.6968390553928693
0.574303085577863
0.4721988185521979
0.3873832847974993
0.3171228784895269
0.2569014758962841
0.19255140209315438
0.10751191511901997
0.0

100.0
87.81649718644219
76.93065455173235
67.24001702298898
58.64039126398231
51.02983827753221
44.31176003665572
38.39675745373456
33.20313424776681
28.656298490842282
24.687621591551068
21.23337473015984
18.2341629945439
15.634946912260947
13.385450830764205
11.44062336251567
9.760854740587362
8.31180738357508
7.06388766385864
5.991505752062753
5.072306375717997
4.2865174272099
3.616489825511941
3.0464275280849984
2.5622559178560143
2.1515582894622858
1.803518710473813
1.5088331754437145
1.2595773268996677
1.0490393865346244
0.8715376045112141
0.72224298340505
0.5970231959081799
0.49231607033030544
0.4050337292039534
0.3324932076266041
0.2696034564460598
0.20081844667632986
0.11143323986132767
0.0

100.0
87.8169342526357
76.93249415864756
67.24496563878196
58.65074877447011
51.047979333270185
44.339404005336235
38.43434564043291
33.249615643816334
28.70943681924547
24.744690122225702
21.291939299217187
18.292644826419945
15.692787878412988
13.442890497158933
11.498245742637963
9.819117449881269
8.3707257246791
7.122950323437143
6.049798683385531
5.128755734539041
4.340145369984115
3.666600515785218
3.092684683546673
2.6046567722106575
2.1903379601978985
1.8390290424875149
1.5414342113774058
1.2895646375702623
1.0766138994850052
0.8968115569174058
0.7452685676313415
0.6178292126334006
0.5109407680348252
0.42154681352674883
0.34700486251043905
0.2815534052837068
0.20849238243270157
0.11532423664864438
0.0

100.0
87.81718620293552
76.93360097279079
67.24807220527676
58.65753107954061
51.06036626161861
44.359076101435946
38.46219649231599
33.285413366217405
28.751846968449602
24.791659266985526
21.341280615155036
18.342593288194585
15.742329149997811
13.491782191257581
11.546778973008983
9.867753174611172
8.419757970769654
7.172305701577193
6.099009463483304
5.177076311275599
4.3867421529255894
3.710739377648211
3.133860438246345
2.6426413362144947
2.2251539857378626
1.8708750992193617
1.5705935421847161
1.316324591476353
1.1012122765055494
0.919414291481844
0.7659739837753707
0.6366890919812586
0.5279875614031905
0.43681833273110704
0.3605612020825738
0.2926813524888417
0.21560448368661225
0.11918717545582769
0.0

100.0
87.8173300371301
76.93425928298852
67.24999668556957
58.66190605194862
51.06868408871654
44.37282226390721
38.48243487017259
33.31243424993427
28.78503189786052
24.829628752841337
21.382270118511208
18.38491150468764
15.784731648952942
13.533644206628653
11.588041371031341
9.908701157576234
8.460739501883488
7.213495499243655
6.140286039915947
5.218026789566275
4.426764767837373
3.7491900067399877
3.170189328171241
2.676482878443104
2.2563557795266584
1.8994733898094633
1.596754902062579
1.340277137938566
1.1231857314519422
0.9396002617976547
0.7845094102128151
0.6536592946720092
0.5434417674022988
0.45078991072834507
0.37308624125394757
0.30292119833199815
0.22216753706576756
0.12297637525833519
0.0

100.0
87.81741141424642
76.93464668837069
67.2511743268458
58.66468917723574
51.074183609026846
44.38226571383937
38.49687483695085
33.33244180524397
28.81049693558783
24.859754153271027
21.415768877031454
18.42033456831436
15.82080760265584
13.569517863701204
11.623347952722131
9.943479362329494
8.495241163695448
7.247973249586364
6.174830992928979
5.252496507385463
4.460804004691861
3.7823172940401966
3.2019089341777094
2.706384146746474
2.2841751098359886
1.9251110308461814
1.6202531520092558
1.361775013676421
1.1428670656673616
0.9576490148870962
0.8010801935960763
0.6688650639657148
0.5573560040624022
0.4634580888333293
0.3845408974975849
0.3122287007598798
0.22818754970317714
0.12661928785957474
0.0

100.0
87.81745707214016
76.93487243127808
67.251886796451
58.66643695600805
51.077767769167124
44.38865133646989
38.50700250452073
33.34698889296919
28.829673035788613
24.883211938138285
21.442670297109387
18.449552192585067
15.851190503766869
13.60013237133026
11.653620907009229
9.973213706934175
8.524520688447648
7.27700653211166
6.203794570277024
5.281425288178699
4.489551905941207
3.810584485719492
3.2293129756217693
2.7325448668823404
2.308786533959963
1.9479839641431915
1.6413242090563187
1.3810878652044707
1.1605372777008378
0.9738248414498443
0.8159091923983325
0.6824721692546709
0.5698343530300948
0.4748705851602621
0.3949286950855889
0.32059235348382725
0.23367389853638046
0.13003811350163152
0.0

100.0
87.81748249093211
76.9350027708451
67.2523132990792
58.66752145972263
51.08007257352794
44.39290601897615
38.513992626469296
33.35738567817137
28.843855524003637
24.901145632206667
21.463890537454635
18.473262750949694
15.876445461516994
13.62604091136956
11.679511058204273
9.998711273731498
8.54953279612493
7.301631142815218
6.228196716400396
5.30572322841912
4.513744572663565
3.8345325076781087
3.252767060634975
2.755203092644154
2.3303582954269473
1.9682418906425774
1.6601332552816745
1.398409530702672
1.1764138181163348
0.9883520391607628
0.8292067070890303
0.6946585496443565
0.5810106886742888
0.4851136520861719
0.40429207638680625
0.3280361162775706
0.23864560923966632
0.13316747619795938
0.0

100.0
87.81749653996819
76.93507738525624
67.25256610846397
58.66818692170709
51.081536305458584
44.39570211974069
38.518745357024336
33.36469724326416
28.85416701507002
24.914615557319006
21.480334864493447
18.49218088816998
15.897126367844653
13.64771571230586
11.701504479169746
10.020548373984777
8.570976390233856
7.322650093911557
6.248886288872188
5.326209321535981
4.534102320978777
3.8547393088443442
3.2726958723090345
2.774649115648857
2.3490844315781025
1.9860266713828456
1.6768082059939267
1.413878909652064
1.1906559439035171
1.0014062031969184
0.8411521112146126
0.7055918596789166
0.5910272956312643
0.4942954569889908
0.4127023570141184
0.3346151217616311
0.24313314192868501
0.13596561635432602
0.0

100.0
87.81750425248377
76.93511975910795
67.25271458733397
58.66859101908143
51.08245512532579
44.397516191406325
38.5219317864602
33.36976176884378
28.861543968355917
24.924563098196238
21.49285972703453
18.507019948694836
15.913793925434735
13.665603122269516
11.720001834495367
10.039152605430154
8.589357476915044
7.340663010017136
6.266534140423245
5.343576509289337
4.551281852360697
3.871775402301746
3.2895543685446635
2.7912177996335097
2.3651967027117538
2.0014972003321785
1.6914687018167018
1.4276049336844856
1.2033801922438194
1.0131181730750776
0.8518873780096865
0.7154157984896787
0.600018068904947
0.5025299369293904
0.420246979520823
0.3404067780528598
0.24717639653690493
0.13841852783351755
0.0

100.0
87.8175084596495
76.93514364401211
67.25280104297059
58.66883402242688
51.08302564198739
44.39867906456924
38.5240401992983
33.37322027574829
28.866741787086184
24.9317922695018
21.50224184049637
18.518465590065254
15.927009859988907
13.68014693344051
11.735368417164931
10.054867471060186
8.605051396920633
7.356110455866549
6.281650585598081
5.358382085298738
4.565847082528777
3.88616688966207
3.303794869683314
2.8052682514046174
2.378960250145101
2.014839426103207
1.704245342244824
1.4396884712251952
1.2146790423383558
1.023585529646765
0.8615199963969851
0.7242452877044184
0.608098317817279
0.5099242059744574
0.42701730647452224
0.34550006113923293
0.25082040865987754
0.14053803094288436
0.0

100.0
80.36182892284185
60.76988325274062
44.9680644931821
33.64198164106369
26.02079894756663
21.004526780441036
17.650658553341195
15.293256162986818
13.511590577874497
12.060421283485013
10.806249945922307
9.681119040040027
8.652879764269024
7.707510815615563
6.8392514999375305
6.045432300499358
5.323977035138695
4.672354655336862
4.087279235397846
3.5647683160619943
3.1003473334515306
2.6892868370506555
2.3268149287587923
2.008279932952739
1.7292579959581202
1.4856119016529428
1.2735131508955848
1.0894407276849132
0.9301683049388989
0.7927482992377033
0.6744974232289652
0.5729851544884726
0.48602436830762213
0.4116623845324741
0.34817066059897184
0.2813835396354113
0.19883343215922158
0.09793724758241203
0.0

100.0
68.23522186986436
48.4565884968387
36.2728593283594
27.99118757216568
21.93170886236924
17.402771798252044
14.037313649254507
11.556186059911731
9.721183424962014
8.338323163475527
7.261873569436097
6.390283011595865
5.657139037789268
5.021217102075878
4.457936814468728
3.9529733513427954
3.4979079060728844
3.0874790044644107
2.717963769982686
2.386299432111955
2.0896595141793437
1.8252899449891746
1.5904791332687804
1.382584929151581
1.1990750058940003
1.0375596021327715
0.8958097023508338
0.771761701303009
0.6635130756118909
0.5693140561543051
0.48755907752389027
0.4167799567344691
0.35564108374211495
0.3029358047062022
0.2575827504112262
0.20493138241467437
0.13451095521815445
0.07075559647438519
0.0

100.0
49.59801578981712
29.382494141598617
19.925804681733297
14.84576094986658
11.686188824402512
9.448273029286694
7.734109061762284
6.383282587055863
5.3165695598407074
4.4776478006482225
3.8173521720123285
3.2925755578576297
2.867911522167709
2.516299549987197
2.2183054328485095
1.9606321705616736
1.7344643839895106
1.5340091085007146
1.3553761156993014
1.1958043149827777
1.053176034078895
0.9257416225291382
0.8119811954657573
0.7105448297111887
0.6202296521682494
0.539968181991254
0.46881515146595837
0.4059291215354615
0.3505505615997332
0.301980242123401
0.2595616768706587
0.22266993650328196
0.1907073276454563
0.1631048463041424
0.13932733336577685
0.10420264025487701
0.0701682345731846
0.03709361013764633
0.0

100.0
0.0
0.0
0.0
0.0
0.0
0.0
0.0
0.0
0.0
0.0
0.0
0.0
0.0
0.0
0.0
0.0
0.0
0.0
0.0
0.0
0.0
0.0
0.0
0.0
0.0
0.0
0.0
0.0
0.0
0.0
0.0
0.0
0.0
0.0
0.0
0.0
0.0
0.0
0.0

